0	1	2	3	4	5	6	7	8	9	10	11	12	13	14	15	16	17	18	19	20	21	22	23	24	25	26	27	28	29	30	31	32	33	34	35	36	37	38	39	40	41	42	43	44	45	46	47	48	49	50	51	52	53	54	55	56	57	58	59	60	61	62	63
30	1	2	3	4	5	6	7	8	9	10	11	12	13	14	15	16	17	18	19	20	21	22	23	24	25	26	27	28	29	0	31	32	33	34	35	36	37	38	39	40	41	42	43	44	45	46	47	48	49	50	51	52	53	54	55	56	57	58	59	60	61	62	63
30	1	2	3	4	5	6	7	8	9	10	11	12	13	14	15	16	17	18	19	20	21	22	23	24	25	26	27	28	29	0	31	32	33	34	35	36	37	38	39	40	41	42	43	47	45	46	44	48	49	50	51	52	53	54	55	56	57	58	59	60	61	62	63
30	1	21	3	4	5	6	7	8	9	10	11	12	13	14	15	16	17	18	19	20	2	22	23	24	25	26	27	28	29	0	31	32	33	34	35	36	37	38	39	40	41	42	43	47	45	46	44	48	49	50	51	52	53	54	55	56	57	58	59	60	61	62	63
30	1	21	3	4	5	6	7	22	9	10	11	12	13	14	15	16	17	18	19	20	2	8	23	24	25	26	27	28	29	0	31	32	33	34	35	36	37	38	39	40	41	42	43	47	45	46	44	48	49	50	51	52	53	54	55	56	57	58	59	60	61	62	63
30	1	21	3	46	5	6	7	22	9	10	11	12	13	14	15	16	17	18	19	20	2	8	23	24	25	26	27	28	29	0	31	32	33	34	35	36	37	38	39	40	41	42	43	47	45	4	44	48	49	50	51	52	53	54	55	56	57	58	59	60	61	62	63
30	1	21	3	46	5	6	16	22	9	10	11	12	13	14	15	7	17	18	19	20	2	8	23	24	25	26	27	28	29	0	31	32	33	34	35	36	37	38	39	40	41	42	43	47	45	4	44	48	49	50	51	52	53	54	55	56	57	58	59	60	61	62	63
30	1	21	3	46	5	6	16	22	9	10	11	12	13	14	23	7	17	18	19	20	2	8	15	24	25	26	27	28	29	0	31	32	33	34	35	36	37	38	39	40	41	42	43	47	45	4	44	48	49	50	51	52	53	54	55	56	57	58	59	60	61	62	63
30	1	21	3	46	5	6	16	22	9	10	11	12	13	14	23	7	17	18	19	20	2	8	15	24	25	26	27	28	29	0	31	32	33	34	50	36	37	38	39	40	41	42	43	47	45	4	44	48	49	35	51	52	53	54	55	56	57	58	59	60	61	62	63
30	1	21	3	46	5	6	16	22	9	10	11	12	13	14	23	7	17	18	19	20	2	8	15	24	25	26	27	28	29	0	31	32	63	34	50	36	37	38	39	40	41	42	43	47	45	4	44	48	49	35	51	52	53	54	55	56	57	58	59	60	61	62	33
30	1	21	3	46	5	6	16	22	9	10	11	12	13	14	23	7	17	18	43	20	2	8	15	24	25	26	27	28	29	0	31	32	63	34	50	36	37	38	39	40	41	42	19	47	45	4	44	48	49	35	51	52	53	54	55	56	57	58	59	60	61	62	33
30	1	21	3	46	5	6	16	22	9	10	11	12	13	14	23	7	17	18	43	20	2	8	15	24	25	26	27	28	29	0	31	32	63	34	50	36	37	38	39	40	41	54	19	47	45	4	44	48	49	35	51	52	53	42	55	56	57	58	59	60	61	62	33
30	1	21	3	46	5	6	16	22	9	10	11	12	13	14	23	7	17	18	43	20	2	8	15	24	25	26	27	28	29	0	31	32	63	34	50	36	37	38	39	40	41	54	19	47	62	4	44	48	49	35	51	52	53	42	55	56	57	58	59	60	61	45	33
30	1	21	3	46	5	6	16	22	9	10	11	12	13	14	23	7	17	18	43	60	2	8	15	24	25	26	27	28	29	0	31	32	63	34	50	36	37	38	39	40	41	54	19	47	62	4	44	48	49	35	51	52	53	42	55	56	57	58	59	20	61	45	33
30	1	21	3	46	5	6	16	22	9	10	11	12	13	14	23	7	17	18	43	60	2	8	15	24	25	26	27	28	29	0	31	32	63	34	50	36	37	38	39	40	56	54	19	47	62	4	44	48	49	35	51	52	53	42	55	41	57	58	59	20	61	45	33
30	1	21	3	46	5	6	16	22	9	10	11	12	13	38	23	7	17	18	43	60	2	8	15	24	25	26	27	28	29	0	31	32	63	34	50	36	37	14	39	40	56	54	19	47	62	4	44	48	49	35	51	52	53	42	55	41	57	58	59	20	61	45	33
30	1	21	3	46	5	6	16	22	9	10	11	12	13	38	23	7	17	18	43	60	2	8	15	52	25	26	27	28	29	0	31	32	63	34	50	36	37	14	39	40	56	54	19	47	62	4	44	48	49	35	51	24	53	42	55	41	57	58	59	20	61	45	33
30	1	21	3	46	5	6	16	22	9	10	11	14	13	38	23	7	17	18	43	60	2	8	15	52	25	26	27	28	29	0	31	32	63	34	50	36	37	12	39	40	56	54	19	47	62	4	44	48	49	35	51	24	53	42	55	41	57	58	59	20	61	45	33
30	1	21	3	46	5	6	16	22	9	10	11	14	13	38	23	7	17	18	43	60	2	8	15	52	25	26	27	28	29	0	31	32	63	34	50	36	37	12	39	40	56	54	19	47	62	4	44	48	49	35	59	24	53	42	55	41	57	58	51	20	61	45	33
30	1	21	3	46	13	6	16	22	9	10	11	14	5	38	23	7	17	18	43	60	2	8	15	52	25	26	27	28	29	0	31	32	63	34	50	36	37	12	39	40	56	54	19	47	62	4	44	48	49	35	59	24	53	42	55	41	57	58	51	20	61	45	33
30	1	21	3	46	13	6	16	22	9	10	11	14	5	38	23	7	17	18	43	60	2	8	15	52	25	26	27	28	29	0	31	32	63	34	50	36	55	12	39	40	56	54	19	47	62	4	44	48	49	35	59	24	53	42	37	41	57	58	51	20	61	45	33
30	1	21	3	46	13	6	16	22	9	10	11	14	5	38	23	7	17	18	43	60	2	8	15	52	25	26	27	28	29	0	31	32	63	34	50	36	55	12	39	40	56	54	61	47	62	4	44	48	49	35	59	24	53	42	37	41	57	58	51	20	19	45	33
30	1	21	3	46	13	6	16	22	9	10	11	14	5	38	23	7	17	18	43	60	2	8	15	52	25	26	27	28	29	0	31	32	63	48	50	36	55	12	39	40	56	54	61	47	62	4	44	34	49	35	59	24	53	42	37	41	57	58	51	20	19	45	33
30	1	21	3	10	13	6	16	22	9	46	11	14	5	38	23	7	17	18	43	60	2	8	15	52	25	26	27	28	29	0	31	32	63	48	50	36	55	12	39	40	56	54	61	47	62	4	44	34	49	35	59	24	53	42	37	41	57	58	51	20	19	45	33
30	1	21	3	10	13	6	16	22	9	46	11	14	5	38	23	7	17	18	43	60	2	8	15	52	25	26	12	28	29	0	31	32	63	48	50	36	55	27	39	40	56	54	61	47	62	4	44	34	49	35	59	24	53	42	37	41	57	58	51	20	19	45	33
30	1	21	3	10	13	6	16	22	9	46	11	14	5	38	23	7	17	18	43	60	2	8	15	52	25	4	12	28	29	0	31	32	63	48	50	36	55	27	39	40	56	54	61	47	62	26	44	34	49	35	59	24	53	42	37	41	57	58	51	20	19	45	33
30	1	21	3	10	13	6	16	22	9	46	11	14	5	38	23	7	17	18	43	60	2	8	15	52	39	4	12	28	29	0	31	32	63	48	50	36	55	27	25	40	56	54	61	47	62	26	44	34	49	35	59	24	53	42	37	41	57	58	51	20	19	45	33
30	1	21	3	10	13	6	16	22	9	46	11	14	5	38	23	7	17	18	43	60	2	8	15	52	39	4	12	28	29	0	31	32	63	48	50	36	55	27	25	40	56	54	61	47	62	26	44	34	49	35	59	24	53	42	37	41	57	58	51	20	19	45	33
30	1	21	3	10	13	6	16	22	9	46	11	14	5	38	23	7	17	18	43	60	2	8	58	52	39	4	12	28	29	0	31	32	63	48	50	36	55	27	25	40	56	54	61	47	62	26	44	34	49	35	59	24	53	42	37	41	57	15	51	20	19	45	33
30	1	21	3	10	13	6	16	22	9	46	11	14	5	38	23	7	17	18	43	60	2	8	58	52	39	4	12	28	29	0	31	32	63	48	50	36	55	27	25	40	56	54	61	47	62	26	44	34	35	49	59	24	53	42	37	41	57	15	51	20	19	45	33
30	1	21	3	10	13	6	16	22	9	46	11	14	5	38	23	7	17	18	43	60	2	8	58	52	39	4	12	28	36	0	31	32	63	48	50	29	55	27	25	40	56	54	61	47	62	26	44	34	35	49	59	24	53	42	37	41	57	15	51	20	19	45	33
30	1	21	3	10	13	6	16	22	9	46	11	14	5	38	23	7	17	8	43	60	2	18	58	52	39	4	12	28	36	0	31	32	63	48	50	29	55	27	25	40	56	54	61	47	62	26	44	34	35	49	59	24	53	42	37	41	57	15	51	20	19	45	33
30	1	21	3	10	13	6	16	22	9	46	11	14	5	38	23	7	60	8	43	17	2	18	58	52	39	4	12	28	36	0	31	32	63	48	50	29	55	27	25	40	56	54	61	47	62	26	44	34	35	49	59	24	53	42	37	41	57	15	51	20	19	45	33
30	1	21	9	10	13	6	16	22	3	46	11	14	5	38	23	7	60	8	43	17	2	18	58	52	39	4	12	28	36	0	31	32	63	48	50	29	55	27	25	40	56	54	61	47	62	26	44	34	35	49	59	24	53	42	37	41	57	15	51	20	19	45	33
30	1	21	9	10	13	6	16	22	3	46	11	14	5	38	23	7	60	8	43	17	2	18	31	52	39	4	12	28	36	0	58	32	63	48	50	29	55	27	25	40	56	54	61	47	62	26	44	34	35	49	59	24	53	42	37	41	57	15	51	20	19	45	33
30	1	21	9	10	13	6	16	22	3	46	11	14	5	38	23	7	60	8	43	17	2	18	31	52	39	4	12	28	36	0	58	32	63	48	50	29	55	27	25	40	56	54	61	47	62	26	44	34	35	49	59	24	53	42	57	41	37	15	51	20	19	45	33
30	1	21	9	10	13	6	16	22	3	46	11	14	5	38	23	7	60	8	43	17	2	18	31	52	39	4	12	28	36	0	58	32	63	48	50	29	55	27	25	41	56	54	61	47	62	26	44	34	35	49	59	24	53	42	57	40	37	15	51	20	19	45	33
30	1	21	9	10	11	6	16	22	3	46	13	14	5	38	23	7	60	8	43	17	2	18	31	52	39	4	12	28	36	0	58	32	63	48	50	29	55	27	25	41	56	54	61	47	62	26	44	34	35	49	59	24	53	42	57	40	37	15	51	20	19	45	33
30	1	21	9	10	11	6	16	22	3	46	13	14	5	38	23	7	60	8	43	17	2	18	31	52	39	4	12	24	36	0	58	32	63	48	50	29	55	27	25	41	56	54	61	47	62	26	44	34	35	49	59	28	53	42	57	40	37	15	51	20	19	45	33
30	1	21	9	10	11	6	16	22	3	46	13	14	5	38	23	7	60	8	43	17	2	18	31	52	39	4	12	24	36	0	58	26	63	48	50	29	55	27	25	41	56	54	61	47	62	32	44	34	35	49	59	28	53	42	57	40	37	15	51	20	19	45	33
30	1	21	9	10	11	6	16	22	3	46	13	14	5	38	23	7	60	8	43	17	2	18	31	52	39	4	12	24	36	0	58	26	63	48	50	29	55	27	25	41	56	54	61	47	62	32	44	34	35	49	59	28	37	42	57	40	53	15	51	20	19	45	33
30	38	21	9	10	11	6	16	22	3	46	13	14	5	1	23	7	60	8	43	17	2	18	31	52	39	4	12	24	36	0	58	26	63	48	50	29	55	27	25	41	56	54	61	47	62	32	44	34	35	49	59	28	37	42	57	40	53	15	51	20	19	45	33
30	38	21	9	10	11	6	16	22	3	46	13	14	5	1	23	7	60	8	43	0	2	18	31	52	39	4	12	24	36	17	58	26	63	48	50	29	55	27	25	41	56	54	61	47	62	32	44	34	35	49	59	28	37	42	57	40	53	15	51	20	19	45	33
21	38	30	9	10	11	6	16	22	3	46	13	14	5	1	23	7	60	8	43	0	2	18	31	52	39	4	12	24	36	17	58	26	63	48	50	29	55	27	25	41	56	54	61	47	62	32	44	34	35	49	59	28	37	42	57	40	53	15	51	20	19	45	33
21	38	30	9	10	11	6	16	22	3	46	13	14	5	1	23	7	60	8	43	0	2	18	31	52	39	4	12	24	36	17	44	26	63	48	50	29	55	27	25	41	56	54	61	47	62	32	58	34	35	49	59	28	37	42	57	40	53	15	51	20	19	45	33
21	38	30	9	10	11	6	16	22	3	46	13	14	5	1	23	7	60	8	43	0	2	18	31	52	39	4	12	24	36	17	44	26	63	48	47	29	55	27	25	41	56	54	61	50	62	32	58	34	35	49	59	28	37	42	57	40	53	15	51	20	19	45	33
21	38	30	9	10	11	6	16	22	3	46	13	14	5	1	23	7	60	8	43	2	0	18	31	52	39	4	12	24	36	17	44	26	63	48	47	29	55	27	25	41	56	54	61	50	62	32	58	34	35	49	59	28	37	42	57	40	53	15	51	20	19	45	33
21	38	30	9	10	11	6	16	33	3	46	13	14	5	1	23	7	60	8	43	2	0	18	31	52	39	4	12	24	36	17	44	26	63	48	47	29	55	27	25	41	56	54	61	50	62	32	58	34	35	49	59	28	37	42	57	40	53	15	51	20	19	45	22
21	38	30	9	10	11	6	16	33	3	46	13	14	5	1	23	7	60	8	43	2	0	18	31	52	39	4	12	24	36	17	44	26	63	48	47	29	55	27	25	41	56	54	61	50	62	32	58	34	35	49	59	28	37	42	57	40	53	15	51	20	19	45	22
21	38	30	9	10	11	6	16	33	3	46	13	14	5	1	23	52	60	8	43	2	0	18	31	7	39	4	12	24	36	17	44	26	63	48	47	29	55	27	25	41	56	54	61	50	62	32	58	34	35	49	59	28	37	42	57	40	53	15	51	20	19	45	22
21	38	30	9	10	11	6	16	33	3	46	13	14	5	1	23	52	60	8	43	2	0	18	31	7	39	4	12	24	36	17	44	26	63	48	47	29	55	27	25	41	56	54	61	50	62	32	58	34	35	49	59	28	37	42	57	40	53	15	51	20	19	45	22
21	38	30	9	10	11	6	16	33	3	46	13	14	5	1	23	52	60	8	43	2	0	18	31	7	39	4	12	24	36	17	44	26	50	48	47	29	55	27	25	41	56	54	61	63	62	32	58	34	35	49	59	28	37	42	57	40	53	15	51	20	19	45	22
21	38	30	9	10	11	6	16	33	3	46	13	14	5	1	23	52	60	43	8	2	0	18	31	7	39	4	12	24	36	17	44	26	50	48	47	29	55	27	25	41	56	54	61	63	62	32	58	34	35	49	59	28	37	42	57	40	53	15	51	20	19	45	22
21	38	30	9	10	11	6	16	33	3	46	13	14	5	1	23	52	60	43	8	2	0	18	31	7	39	4	12	24	36	17	44	26	50	48	47	29	55	27	25	41	56	54	61	63	62	32	58	34	35	49	59	28	37	42	57	40	53	15	51	20	19	45	22
21	38	30	9	10	11	6	16	33	3	46	13	14	5	1	23	52	60	43	8	2	0	18	31	7	39	4	12	24	36	17	44	26	50	48	47	29	55	54	25	41	56	27	61	63	62	32	58	34	35	49	59	28	37	42	57	40	53	15	51	20	19	45	22
21	38	30	9	10	11	6	16	33	3	46	13	14	5	1	23	52	60	43	8	2	0	18	31	7	39	4	12	24	36	17	44	26	50	48	47	29	55	54	25	41	56	27	61	63	62	32	58	34	35	49	59	28	37	42	57	40	53	15	51	20	19	45	22
21	38	30	9	10	11	6	16	33	3	46	13	14	5	1	23	52	60	43	8	2	0	18	31	7	39	4	12	24	36	17	44	26	50	48	47	29	55	54	25	41	56	27	61	63	49	32	58	34	35	62	59	28	37	42	57	40	53	15	51	20	19	45	22
21	38	30	9	10	11	6	16	33	3	46	13	14	5	1	23	52	60	43	8	2	0	18	31	7	39	4	12	24	36	17	44	26	50	48	47	29	55	54	25	41	56	27	61	63	49	32	58	34	35	62	59	28	37	42	57	40	53	15	20	51	19	45	22
21	38	30	9	10	11	6	16	33	3	46	13	14	5	1	23	52	60	43	8	2	0	18	31	7	39	4	12	24	36	17	44	26	50	48	47	29	55	54	25	41	59	27	61	63	49	32	58	34	35	62	56	28	37	42	57	40	53	15	20	51	19	45	22
21	38	30	9	10	11	6	16	33	3	46	13	5	14	1	23	52	60	43	8	2	0	18	31	7	39	4	12	24	36	17	44	26	50	48	47	29	55	54	25	41	59	27	61	63	49	32	58	34	35	62	56	28	37	42	57	40	53	15	20	51	19	45	22
21	38	30	9	10	11	6	16	33	3	46	13	5	14	1	23	52	60	43	8	2	0	18	31	7	39	4	12	24	36	17	44	26	50	48	47	29	49	54	25	41	59	27	61	63	55	32	58	34	35	62	56	28	37	42	57	40	53	15	20	51	19	45	22
21	38	30	9	10	11	6	16	33	3	46	13	5	14	1	23	52	60	43	8	2	0	18	31	7	39	4	12	24	36	17	44	26	50	48	47	61	49	54	25	41	59	27	29	63	55	32	58	34	35	62	56	28	37	42	57	40	53	15	20	51	19	45	22
21	38	30	9	10	11	6	16	33	3	46	13	5	14	1	23	52	60	43	8	2	0	18	31	7	39	4	12	24	36	17	44	26	50	48	47	61	49	54	25	41	59	27	29	63	55	32	58	34	35	62	56	28	37	42	57	40	53	15	20	19	51	45	22
21	38	30	9	10	11	6	16	33	3	46	13	5	14	1	23	52	60	43	8	2	0	18	31	7	39	4	12	24	36	17	44	26	50	48	47	61	49	54	25	41	59	27	29	63	55	32	58	35	34	62	56	28	37	42	57	40	53	15	20	19	51	45	22
21	38	30	9	10	11	6	16	33	3	46	13	5	14	1	23	52	60	43	8	2	0	18	31	7	39	4	12	24	36	17	44	26	50	54	47	61	49	48	25	41	59	27	29	63	55	32	58	35	34	62	56	28	37	42	57	40	53	15	20	19	51	45	22
21	38	30	9	3	11	6	16	33	10	46	13	5	14	1	23	52	60	43	8	2	0	18	31	7	39	4	12	24	36	17	44	26	50	54	47	61	49	48	25	41	59	27	29	63	55	32	58	35	34	62	56	28	37	42	57	40	53	15	20	19	51	45	22
21	38	30	9	3	11	6	16	33	46	10	13	5	14	1	23	52	60	43	8	2	0	18	31	7	39	4	12	24	36	17	44	26	50	54	47	61	49	48	25	41	59	27	29	63	55	32	58	35	34	62	56	28	37	42	57	40	53	15	20	19	51	45	22
21	38	30	9	3	11	6	16	33	46	10	13	5	14	1	23	52	60	43	8	2	0	18	31	7	39	4	17	24	36	12	44	26	50	54	47	61	49	48	25	41	59	27	29	63	55	32	58	35	34	62	56	28	37	42	57	40	53	15	20	19	51	45	22
21	38	30	9	3	11	6	16	33	46	10	13	5	14	1	23	52	60	43	8	2	0	18	31	7	39	24	17	4	36	12	44	26	50	54	47	61	49	48	25	41	59	27	29	63	55	32	58	35	34	62	56	28	37	42	57	40	53	15	20	19	51	45	22
21	38	30	9	3	11	6	16	33	46	10	13	5	14	1	23	52	60	43	8	2	0	18	31	7	39	24	17	4	36	12	44	26	50	54	47	61	49	48	22	41	59	27	29	63	55	32	58	35	34	62	56	28	37	42	57	40	53	15	20	19	51	45	25
21	38	30	9	3	11	6	16	33	46	10	13	5	14	1	23	52	60	43	8	2	0	18	31	7	48	24	17	4	36	12	44	26	50	54	47	61	49	39	22	41	59	27	29	63	55	32	58	35	34	62	56	28	37	42	57	40	53	15	20	19	51	45	25
21	38	30	9	3	11	6	16	33	46	10	13	5	14	1	23	52	60	43	8	2	0	18	31	7	48	24	17	4	36	12	44	26	50	54	47	61	49	39	22	41	59	27	29	63	55	32	58	35	34	62	56	28	37	42	57	40	53	15	20	19	51	45	25
21	38	30	9	3	11	6	16	33	46	10	13	5	14	1	23	52	60	43	8	2	0	18	31	7	48	24	17	4	36	12	44	26	50	54	47	61	49	39	22	41	59	27	29	63	55	32	58	35	34	62	56	28	37	42	57	40	53	19	20	15	51	45	25
21	38	30	9	3	11	6	16	33	46	10	13	5	14	1	23	52	60	43	8	2	0	18	31	7	48	24	17	4	12	36	44	26	50	54	47	61	49	39	22	41	59	27	29	63	55	32	58	35	34	62	56	28	37	42	57	40	53	19	20	15	51	45	25
21	38	30	9	3	11	6	16	33	46	10	13	5	14	1	23	52	60	43	8	2	0	22	31	7	48	24	17	4	12	36	44	26	50	54	47	61	49	39	18	41	59	27	29	63	55	32	58	35	34	62	56	28	37	42	57	40	53	19	20	15	51	45	25
21	38	30	9	3	11	6	16	33	60	10	13	5	14	1	23	52	46	43	8	2	0	22	31	7	48	24	17	4	12	36	44	26	50	54	47	61	49	39	18	41	59	27	29	63	55	32	58	35	34	62	56	28	37	42	57	40	53	19	20	15	51	45	25
21	38	30	11	3	9	6	16	33	60	10	13	5	14	1	23	52	46	43	8	2	0	22	31	7	48	24	17	4	12	36	44	26	50	54	47	61	49	39	18	41	59	27	29	63	55	32	58	35	34	62	56	28	37	42	57	40	53	19	20	15	51	45	25
21	38	30	11	3	9	6	16	31	60	10	13	5	14	1	23	52	46	43	8	2	0	22	33	7	48	24	17	4	12	36	44	26	50	54	47	61	49	39	18	41	59	27	29	63	55	32	58	35	34	62	56	28	37	42	57	40	53	19	20	15	51	45	25
21	38	30	11	3	9	6	16	31	60	10	13	5	14	1	23	52	46	43	8	2	0	22	33	7	48	24	17	4	12	36	44	26	50	54	47	61	49	39	18	41	59	27	29	63	55	32	58	35	34	62	56	28	37	42	25	40	53	19	20	15	51	45	57
21	38	30	11	3	9	6	16	31	60	10	13	5	14	1	23	52	46	43	8	2	0	22	33	7	48	24	17	4	12	36	44	26	50	54	47	61	49	39	18	41	59	27	29	63	55	32	58	35	34	62	56	28	37	42	25	40	53	19	20	15	51	45	57
21	38	30	11	3	9	6	16	31	60	10	13	5	14	1	23	52	46	43	8	2	0	22	33	7	48	24	17	4	12	36	44	26	50	54	47	61	49	39	18	41	59	27	29	63	55	32	58	35	34	62	56	28	37	42	25	40	53	19	20	15	51	45	57
21	38	30	11	3	9	6	16	31	60	10	5	13	14	1	23	52	46	43	8	2	0	22	33	7	48	24	17	4	12	36	44	26	50	54	47	61	49	39	18	41	59	27	29	63	55	32	58	35	34	62	56	28	37	42	25	40	53	19	20	15	51	45	57
21	38	30	11	3	9	6	16	31	60	10	5	13	14	1	23	52	46	43	8	2	0	22	33	7	48	24	17	4	12	36	44	26	28	54	47	61	49	39	18	41	59	27	29	63	55	32	58	35	34	62	56	50	37	42	25	40	53	19	20	15	51	45	57
21	38	30	11	3	9	6	16	31	60	10	5	13	14	1	23	52	46	43	8	2	0	22	33	7	48	24	17	4	12	32	44	26	28	54	47	61	49	39	18	41	59	27	29	63	55	36	58	35	34	62	56	50	37	42	25	40	53	19	20	15	51	45	57
21	38	30	11	3	9	6	16	31	60	10	5	13	14	1	23	52	46	43	8	2	0	22	33	7	48	24	17	4	12	32	44	26	28	54	47	61	49	39	18	41	59	27	29	63	55	36	58	35	34	62	56	50	37	42	25	40	53	19	20	15	51	45	57
21	38	30	11	3	9	6	16	31	60	10	5	13	14	1	23	52	46	43	8	2	0	22	33	7	48	24	17	4	12	32	44	26	28	54	47	61	49	39	18	41	59	27	29	63	55	36	58	35	34	62	56	50	37	42	25	40	53	19	20	15	51	45	57
21	38	30	11	3	9	6	16	31	60	10	5	13	14	1	23	52	46	43	8	2	0	22	33	7	48	24	17	4	12	32	44	26	28	54	47	61	49	39	18	41	59	27	29	63	55	36	58	35	34	62	56	50	37	42	25	40	53	19	20	15	51	45	57
21	38	30	11	3	9	6	16	31	60	10	5	13	14	1	23	52	46	43	8	2	0	22	33	7	48	24	17	4	12	32	44	26	28	54	47	61	49	39	18	41	59	27	29	63	55	36	58	35	34	62	56	50	37	42	25	40	53	19	20	15	51	45	57
21	38	1	11	3	9	6	16	31	60	10	5	13	14	30	23	52	46	43	8	2	0	22	33	7	48	24	17	4	12	32	44	26	28	54	47	61	49	39	18	41	59	27	29	63	55	36	58	35	34	62	56	50	37	42	25	40	53	19	20	15	51	45	57
21	38	1	11	3	9	6	16	31	60	10	5	13	14	30	23	52	46	43	8	2	0	22	33	7	48	24	17	4	12	32	44	26	28	54	47	61	49	39	18	41	59	27	29	63	55	36	58	35	34	62	56	50	37	42	25	40	53	19	20	15	51	45	57
21	38	1	11	3	9	6	16	31	60	10	5	13	14	30	23	52	46	43	8	2	0	22	33	7	48	24	17	4	12	32	44	26	28	54	47	61	49	39	18	41	59	27	29	63	55	36	45	35	34	62	56	50	37	42	25	40	53	19	20	15	51	58	57
21	38	1	11	3	9	6	16	31	60	10	5	13	14	30	23	52	46	43	8	2	0	22	33	7	48	24	17	4	12	32	57	26	28	54	47	61	49	39	18	41	59	27	29	63	55	36	45	35	34	62	56	50	37	42	25	40	53	19	20	15	51	58	44
21	38	1	11	3	9	6	16	31	60	10	5	13	14	30	23	52	46	43	8	2	0	22	33	7	48	24	17	4	12	32	57	26	28	54	61	47	49	39	18	41	59	27	29	63	55	36	45	35	34	62	56	50	37	42	25	40	53	19	20	15	51	58	44
21	38	1	11	3	9	6	16	31	60	10	5	13	14	30	23	52	46	43	8	2	0	22	33	7	48	24	17	4	12	32	57	26	28	54	61	47	49	39	18	41	59	27	29	63	55	36	45	35	34	62	56	50	37	42	25	40	53	19	20	15	51	58	44
21	38	1	11	3	9	6	16	31	60	10	5	13	14	30	23	52	46	43	8	2	0	22	33	7	48	24	17	4	12	32	57	26	28	54	61	47	49	39	18	41	59	27	29	63	55	36	45	35	34	62	56	50	37	42	25	40	53	19	20	15	51	58	44
21	38	1	11	3	9	6	16	31	60	10	5	13	14	30	23	52	46	43	8	2	0	22	33	7	48	24	17	4	12	32	57	26	28	54	61	47	49	39	18	41	59	27	29	63	55	36	45	35	34	62	56	50	37	42	25	40	53	19	20	15	51	58	44
21	38	1	11	3	9	6	16	31	60	10	5	13	14	30	23	52	46	43	8	2	0	22	33	7	48	24	17	4	12	32	57	26	28	54	61	47	49	39	18	41	59	27	29	63	55	36	45	35	34	62	56	50	37	42	25	40	53	19	20	15	51	58	44
21	38	1	11	3	9	6	16	31	60	10	5	13	14	30	23	52	46	43	8	2	0	22	33	7	48	24	17	4	12	32	57	26	28	54	61	47	49	39	18	41	59	27	29	63	55	36	45	35	34	62	56	50	37	42	25	40	53	19	20	15	51	58	44
21	38	1	11	3	9	6	16	31	60	10	5	13	14	30	23	52	46	43	8	2	0	22	33	7	48	24	17	4	12	32	57	26	28	54	61	47	49	39	18	41	59	27	29	63	55	36	45	35	34	62	56	50	37	42	25	40	53	19	20	15	51	58	44
21	38	1	11	3	9	6	16	31	60	10	5	13	14	30	23	52	46	43	8	2	0	22	33	7	48	24	17	4	12	32	57	26	28	54	61	47	49	39	18	41	59	27	63	29	55	36	45	35	34	62	56	50	37	42	25	40	53	19	20	15	51	58	44
21	38	1	11	3	9	6	16	31	60	10	5	13	14	30	23	52	46	43	8	2	0	22	33	7	48	24	17	4	12	32	57	26	28	54	61	47	49	39	18	41	59	27	63	29	55	36	45	35	34	62	56	50	37	42	25	40	53	19	20	15	51	58	44
21	38	1	11	3	9	6	16	31	60	10	5	13	14	30	23	52	46	43	8	2	0	22	33	7	48	24	17	4	12	32	57	26	28	54	61	47	49	39	18	41	59	27	63	29	55	36	45	35	34	62	56	50	37	42	25	40	53	19	20	15	51	58	44
21	38	1	11	3	9	6	16	31	60	10	5	13	14	30	23	52	46	43	8	2	0	22	33	7	48	24	17	4	12	42	57	26	28	54	61	47	49	39	18	41	59	27	63	29	55	36	45	35	34	62	56	50	37	32	25	40	53	19	20	15	51	58	44
21	38	1	11	3	9	6	16	31	60	10	5	13	14	30	23	52	46	43	8	2	0	22	33	7	48	24	17	4	12	42	57	26	28	54	61	47	49	39	18	41	59	29	63	27	55	36	45	35	34	62	56	50	37	32	25	40	53	19	20	15	51	58	44
21	38	1	11	3	9	6	16	31	60	10	5	13	14	30	23	52	46	43	8	2	0	22	33	7	48	24	17	4	12	42	57	26	28	62	61	47	49	39	18	41	59	29	63	27	55	36	45	35	34	54	56	50	37	32	25	40	53	19	20	15	51	58	44
21	38	1	11	3	9	6	16	31	60	10	5	13	14	30	23	52	46	43	8	2	0	22	33	7	48	24	17	4	12	42	57	26	28	62	61	47	49	39	18	41	59	29	63	27	55	36	45	35	20	54	56	50	37	32	25	40	53	19	34	15	51	58	44
21	38	1	11	3	9	6	16	31	60	10	5	13	14	30	23	52	46	43	8	2	0	22	33	7	48	24	17	4	12	42	57	26	28	62	61	47	49	39	18	41	20	29	63	27	55	36	45	35	59	54	56	50	37	32	25	40	53	19	34	15	51	58	44
21	38	1	11	3	9	6	16	31	60	10	5	13	14	30	23	52	46	43	8	2	0	22	33	7	48	24	17	4	12	42	57	26	56	62	61	47	49	39	18	41	20	29	63	27	55	36	45	35	59	54	28	50	37	32	25	40	53	19	34	15	51	58	44
21	38	1	11	3	9	6	16	31	60	10	5	13	14	30	23	52	46	43	8	2	0	22	33	7	48	24	17	4	12	42	57	26	56	62	61	47	49	39	18	41	20	29	63	27	55	36	45	35	59	54	28	50	37	32	25	40	53	19	34	15	51	58	44
21	38	1	11	3	9	6	16	31	60	10	5	13	14	30	23	52	46	43	8	2	0	22	33	7	48	24	17	4	12	42	57	26	56	62	61	47	39	49	18	41	20	29	63	27	55	36	45	35	59	54	28	50	37	32	25	40	53	19	34	15	51	58	44
21	38	1	11	3	9	6	16	31	60	10	5	13	14	30	23	52	46	43	8	2	0	22	33	7	48	24	17	4	12	42	57	26	56	62	61	47	39	49	18	41	55	29	63	27	20	36	45	35	59	54	28	50	37	32	25	40	53	19	34	15	51	58	44
21	38	1	11	3	9	6	16	31	60	10	5	13	14	30	23	52	46	43	8	2	0	22	33	7	48	24	17	4	12	42	57	26	56	62	61	47	39	49	18	41	55	29	63	27	20	36	45	35	59	54	28	50	37	51	25	40	53	19	34	15	32	58	44
21	38	1	11	3	9	6	16	31	60	10	5	13	14	30	23	52	46	43	8	2	0	22	33	7	48	24	17	4	12	42	57	26	56	62	61	47	39	49	18	41	55	29	63	27	20	36	45	35	59	54	28	50	37	51	25	40	53	19	34	15	32	58	44
21	38	1	3	11	9	6	16	31	60	10	5	13	14	30	23	52	46	43	8	2	0	22	33	7	48	24	17	4	12	42	57	26	56	62	61	47	39	49	18	41	55	29	63	27	20	36	45	35	59	54	28	50	37	51	25	40	53	19	34	15	32	58	44
21	38	1	3	11	9	6	16	31	60	22	5	13	14	30	23	52	46	43	8	2	0	10	33	7	48	24	17	4	12	42	57	26	56	62	61	47	39	49	18	41	55	29	63	27	20	36	45	35	59	54	28	50	37	51	25	40	53	19	34	15	32	58	44
21	38	1	3	11	9	6	16	31	60	22	5	13	14	30	23	52	46	43	8	2	0	10	33	7	17	24	48	4	12	42	57	26	56	62	61	47	39	49	18	41	55	29	63	27	20	36	45	35	59	54	28	50	37	51	25	40	53	19	34	15	32	58	44
21	38	1	3	11	9	6	16	31	60	22	5	13	14	30	23	52	46	43	8	2	0	10	33	7	17	24	48	4	12	42	57	26	56	62	61	47	39	49	18	41	55	29	63	27	20	36	45	35	59	54	28	50	37	51	25	40	53	19	34	15	32	58	44
21	38	1	3	11	9	6	16	31	60	22	5	13	14	30	23	52	46	43	8	2	0	10	33	7	17	24	48	4	12	42	57	26	56	62	61	47	39	49	18	41	55	29	63	27	20	36	45	35	59	54	28	50	37	51	25	40	53	19	34	15	32	58	44
21	38	1	3	11	9	6	16	31	60	22	5	13	14	30	23	52	46	43	8	2	0	10	33	7	17	24	48	4	12	42	57	26	56	62	61	47	39	49	18	41	55	29	63	27	20	36	45	35	59	54	28	50	37	51	25	40	53	19	34	15	32	58	44
21	38	1	3	11	9	6	16	31	60	22	5	13	14	30	23	52	46	43	8	2	0	10	33	7	17	24	48	4	12	42	57	26	56	62	61	47	39	49	18	41	55	29	63	27	20	36	45	35	59	54	28	50	37	51	25	40	53	19	34	15	32	58	44
21	38	1	3	11	9	6	16	31	60	22	5	13	14	30	23	52	46	43	8	2	0	10	33	7	17	24	48	4	12	42	57	26	56	62	61	47	39	49	18	41	55	29	63	27	20	36	45	35	59	54	28	50	37	51	25	40	53	19	34	15	32	58	44
21	38	1	3	11	9	6	16	31	60	22	5	13	14	30	23	52	46	43	8	2	0	10	33	7	17	24	48	4	12	42	57	26	56	62	61	47	39	49	18	41	55	29	63	27	20	36	45	35	59	54	28	50	37	51	25	40	53	19	34	15	32	58	44
21	38	1	3	11	9	6	16	31	60	22	5	13	14	30	23	52	46	43	8	2	0	10	33	7	17	24	48	4	12	42	57	26	56	62	61	47	39	49	18	41	55	29	63	27	20	36	45	35	59	54	28	50	37	51	25	40	53	19	34	15	32	58	44
21	38	1	3	11	9	6	16	31	60	22	5	13	14	30	23	52	46	43	8	2	0	10	33	7	17	24	48	4	12	42	57	26	56	62	61	47	39	49	18	41	55	29	63	27	20	36	45	35	59	54	28	50	37	51	25	40	53	19	34	15	32	58	44
21	38	1	3	11	9	6	16	31	22	60	5	13	14	30	23	52	46	43	8	2	0	10	33	7	17	24	48	4	12	42	57	26	56	62	61	47	39	49	18	41	55	29	63	27	20	36	45	35	59	54	28	50	37	51	25	40	53	19	34	15	32	58	44
21	38	1	3	11	30	6	16	31	22	60	5	13	14	9	23	52	46	43	8	2	0	10	33	7	17	24	48	4	12	42	57	26	56	62	61	47	39	49	18	41	55	29	63	27	20	36	45	35	59	54	28	50	37	51	25	40	53	19	34	15	32	58	44
21	38	1	3	11	30	6	16	22	31	60	5	13	14	9	23	52	46	43	8	2	0	10	33	7	17	24	48	4	12	42	57	26	56	62	61	47	39	49	18	41	55	29	63	27	20	36	45	35	59	54	28	50	37	51	25	40	53	19	34	15	32	58	44
21	38	1	3	11	30	6	16	22	31	60	5	13	14	9	23	52	46	43	8	2	0	10	33	7	17	24	48	4	12	42	57	26	56	62	61	47	39	49	18	41	55	29	63	27	20	36	45	35	59	54	28	50	37	51	25	40	53	19	34	15	32	58	44
21	38	1	3	11	30	6	16	22	31	60	5	13	14	9	23	52	46	43	8	2	0	10	33	7	17	24	48	4	12	42	57	26	56	62	61	47	39	49	18	41	55	29	63	27	20	36	45	35	59	54	28	50	37	51	25	40	53	19	34	15	32	58	44
21	38	1	3	11	30	6	16	22	31	60	5	13	14	9	23	52	46	43	8	2	0	10	33	7	17	24	48	4	12	42	57	26	56	62	61	47	39	49	18	41	55	29	63	27	20	36	45	35	59	54	28	50	37	51	25	40	53	19	34	15	32	58	44
21	38	1	3	11	30	6	16	22	31	60	5	13	14	9	23	52	46	43	8	2	0	10	33	7	17	24	48	4	12	42	57	26	56	62	61	47	39	49	18	41	55	29	63	27	20	36	45	35	59	54	28	50	37	51	25	40	53	19	34	15	32	58	44
21	38	1	3	11	30	6	16	22	31	60	5	13	14	9	23	52	46	43	8	2	0	10	33	7	17	24	48	4	12	42	57	26	56	62	61	47	39	49	18	41	55	29	63	27	20	36	45	35	59	54	28	50	37	51	25	40	53	19	34	15	32	58	44
21	38	1	3	11	30	6	16	22	31	60	5	10	14	9	23	52	46	43	8	2	0	13	33	7	17	24	48	4	12	42	57	26	56	62	61	47	39	49	18	41	55	29	63	27	20	36	45	35	59	54	28	50	37	51	25	40	53	19	34	15	32	58	44
21	38	1	3	11	30	6	16	22	31	60	5	10	14	9	23	52	46	43	8	2	0	13	33	7	17	24	48	4	12	42	57	26	56	62	61	47	39	49	18	41	55	29	63	27	50	36	45	35	59	54	28	20	37	51	25	40	53	19	34	15	32	58	44
21	38	1	3	11	30	6	16	22	31	60	5	10	14	9	23	52	46	43	8	2	0	13	33	7	17	24	48	4	12	42	57	26	56	62	61	47	39	49	18	41	55	29	63	27	50	32	45	35	59	54	28	20	37	51	25	40	53	19	34	15	36	58	44
21	38	1	3	11	30	6	16	22	31	60	5	10	14	9	23	52	46	43	8	2	0	13	33	7	17	24	48	4	12	42	57	26	56	62	61	47	39	49	18	41	55	29	63	27	50	32	45	35	59	54	28	20	37	51	25	40	53	19	34	15	36	58	44
21	38	1	3	11	30	6	16	22	31	60	5	10	14	9	23	52	46	43	8	2	0	13	33	7	17	24	48	4	12	42	57	26	56	62	61	47	37	49	18	41	55	29	63	27	50	32	45	35	59	54	28	20	39	51	25	40	53	19	34	15	36	58	44
21	38	1	3	11	30	6	16	22	31	60	5	10	14	9	23	52	46	43	8	2	0	13	33	7	17	24	48	4	12	42	57	26	56	62	61	47	37	49	18	41	55	29	63	27	50	32	45	35	59	54	28	20	39	51	25	40	53	19	34	15	36	58	44
21	38	1	3	11	30	6	16	22	31	60	5	10	14	9	23	52	46	43	8	2	0	13	33	7	17	24	48	4	12	42	57	26	56	62	61	47	37	49	18	41	55	29	63	27	50	32	45	35	59	54	28	20	39	51	25	40	53	19	34	15	36	58	44
21	38	1	3	11	30	6	16	22	31	60	5	10	14	9	23	52	46	43	8	2	0	13	33	7	17	24	48	4	12	42	57	26	56	62	61	47	37	49	18	41	55	29	63	27	50	32	45	35	59	54	28	20	39	51	25	40	53	19	34	15	36	58	44
21	38	1	3	11	30	6	16	22	31	60	5	10	14	9	23	52	46	43	8	2	0	13	33	7	17	24	48	4	12	42	57	26	56	62	61	47	37	49	18	41	55	29	63	27	50	32	45	35	59	54	28	20	39	51	25	40	53	19	34	15	36	58	44
21	38	1	3	11	30	6	16	22	31	60	5	10	14	9	23	52	46	43	8	2	0	13	33	7	17	24	48	4	12	42	57	26	56	62	61	47	37	49	18	41	55	29	63	27	50	32	45	35	59	54	28	20	39	51	25	40	53	19	34	15	36	58	44
21	38	1	3	11	30	6	16	22	31	60	5	10	14	9	23	52	46	43	8	2	0	13	33	7	17	24	48	4	12	42	57	26	56	62	61	47	37	49	18	41	55	29	63	27	50	32	45	35	59	54	28	20	39	51	25	40	53	19	34	15	36	58	44
21	38	1	3	11	30	6	16	22	31	60	5	10	14	9	23	52	46	43	8	2	0	13	33	7	17	24	48	4	12	42	57	26	56	62	61	47	37	49	18	41	55	29	63	27	50	32	45	35	59	54	28	20	39	51	25	40	53	19	34	15	36	58	44
21	38	1	3	11	30	6	16	22	31	60	5	10	14	9	23	52	46	43	8	2	0	13	33	7	17	24	48	4	12	42	57	26	56	62	61	47	37	49	18	41	55	29	63	27	50	32	45	35	59	54	28	20	39	51	25	40	53	19	34	15	36	58	44
21	38	1	3	11	30	6	16	22	31	60	5	10	14	9	23	52	46	43	8	2	0	13	33	7	17	24	48	4	12	42	57	26	56	61	62	47	37	49	18	41	55	29	63	27	50	32	45	35	59	54	28	20	39	51	25	40	53	19	34	15	36	58	44
21	38	1	3	11	30	6	16	22	31	60	5	10	14	9	23	52	46	43	8	2	0	13	33	7	17	24	48	4	12	42	57	26	56	61	62	47	37	49	18	41	55	29	63	27	50	32	45	35	59	54	28	20	39	51	25	40	53	19	34	15	36	58	44
21	38	1	3	11	30	6	16	22	31	60	5	10	14	9	23	52	46	43	8	2	0	13	33	7	17	24	48	4	12	42	57	26	56	61	62	47	37	49	18	41	55	29	63	27	50	32	45	35	59	54	28	20	39	51	25	40	53	19	34	15	36	58	44
21	38	1	3	11	30	6	16	22	31	60	5	10	14	9	23	52	46	43	8	2	0	13	33	7	17	24	48	4	12	42	57	26	56	61	62	47	37	49	18	41	55	29	63	27	50	32	45	35	59	54	28	20	39	51	25	40	53	19	34	15	36	58	44
21	38	1	3	11	30	6	16	22	31	60	5	10	14	9	23	52	46	43	8	2	0	13	33	7	17	24	48	4	12	42	57	26	56	61	62	47	37	49	18	41	55	29	63	27	50	32	45	35	59	54	28	20	39	51	25	40	53	19	34	15	36	58	44
21	38	1	3	11	30	6	16	22	31	60	5	10	14	9	23	52	46	43	8	2	0	13	33	7	17	24	48	4	12	42	57	26	56	61	62	47	37	49	18	41	55	29	63	27	50	32	45	35	59	54	28	20	39	51	25	40	53	19	34	15	36	58	44
21	38	1	3	11	30	6	16	22	31	60	5	10	14	9	23	52	46	43	8	2	0	13	33	7	17	24	48	4	12	42	57	26	56	61	62	47	37	49	18	41	55	29	63	27	50	32	45	35	59	54	28	20	39	51	25	40	53	19	34	15	36	58	44
21	38	1	3	11	30	6	16	22	31	60	5	10	14	9	23	52	46	43	8	2	0	13	33	7	17	24	48	4	12	42	57	26	56	61	62	47	37	49	18	41	55	29	63	27	50	32	45	35	59	54	28	20	39	51	25	40	53	19	34	15	36	58	44
21	38	1	3	11	30	6	16	22	31	60	5	10	14	9	23	52	46	43	8	2	0	13	33	7	17	24	48	4	12	42	57	26	56	63	62	47	37	49	18	41	55	29	61	27	50	32	45	35	59	54	28	20	39	51	25	40	53	19	34	15	36	58	44
21	38	1	3	11	30	6	16	22	31	60	5	10	14	9	23	52	43	46	8	2	0	13	33	7	17	24	48	4	12	42	57	26	56	63	62	47	37	49	18	41	55	29	61	27	50	32	45	35	59	54	28	20	39	51	25	40	53	19	34	15	36	58	44
21	38	1	3	11	30	6	16	22	31	60	5	10	14	9	23	52	43	46	8	2	0	13	33	7	17	24	48	4	12	42	57	26	56	63	62	47	37	49	18	41	55	29	61	27	50	32	45	35	59	54	28	20	39	51	25	40	53	19	34	15	36	58	44
21	38	1	3	11	30	6	16	22	31	60	5	10	14	9	23	52	43	46	8	2	0	13	33	7	17	24	48	4	12	51	57	26	56	63	62	47	37	49	18	41	55	29	61	27	50	32	45	35	59	54	28	20	39	42	25	40	53	19	34	15	36	58	44
21	38	1	3	11	30	6	16	22	31	60	5	10	14	9	23	52	43	46	8	2	0	13	33	7	17	24	48	4	12	51	57	26	56	63	62	47	37	49	18	41	55	29	61	27	50	32	45	35	59	54	28	20	39	42	25	40	53	19	34	15	36	58	44
21	38	1	3	11	30	6	16	22	31	60	5	10	14	9	23	52	43	46	8	2	0	13	33	7	17	24	48	4	12	51	57	26	56	63	62	47	37	49	18	41	55	28	61	27	50	32	45	35	59	54	29	20	39	42	25	40	53	19	34	15	36	58	44
21	38	1	3	11	30	6	16	22	31	60	5	10	14	9	23	52	43	46	8	2	0	13	33	7	17	24	48	4	12	51	57	26	56	63	62	47	37	49	18	41	54	28	61	27	50	32	45	35	59	55	29	20	39	42	25	40	53	19	34	15	36	58	44
21	38	1	3	11	30	6	16	22	31	60	5	10	14	9	23	52	43	46	8	2	0	13	33	7	17	24	48	4	12	51	57	26	56	63	62	47	37	49	18	41	54	28	61	27	50	32	45	35	59	55	29	20	39	42	25	40	53	19	34	15	36	58	44
21	38	1	3	11	30	6	16	22	31	60	5	10	14	9	23	52	43	46	8	2	0	13	33	7	17	24	48	4	12	51	57	26	56	63	62	47	37	49	18	41	54	28	61	27	50	32	45	35	59	55	29	20	39	42	25	40	53	19	34	15	36	58	44
21	38	1	3	11	30	6	16	22	31	60	5	10	14	9	23	52	43	46	8	2	0	13	33	7	17	24	56	4	12	51	57	26	48	63	62	47	37	49	18	41	54	28	61	27	50	32	45	35	59	55	29	20	39	42	25	40	53	19	34	15	36	58	44
21	38	1	3	11	30	6	16	22	31	60	5	14	10	9	23	52	43	46	8	2	0	13	33	7	17	24	56	4	12	51	57	26	48	63	62	47	37	49	18	41	54	28	61	27	50	32	45	35	59	55	29	20	39	42	25	40	53	19	34	15	36	58	44
21	38	1	3	11	30	6	16	22	31	60	5	14	10	9	23	52	43	46	8	2	0	13	33	7	17	24	56	4	12	51	57	26	48	63	62	47	37	32	18	41	54	28	61	27	50	49	45	35	59	55	29	20	39	42	25	40	53	19	34	15	36	58	44
21	38	1	3	11	30	6	16	22	31	60	5	14	10	9	23	52	43	46	8	2	0	13	33	7	17	24	56	4	12	51	57	26	48	63	62	47	37	32	18	41	54	28	61	27	50	49	45	35	59	55	29	20	39	42	25	40	53	19	34	15	36	58	44
21	38	1	11	3	30	6	16	22	31	60	5	14	10	9	23	52	43	46	8	2	0	13	33	7	17	24	56	4	12	51	57	26	48	63	62	47	37	32	18	41	54	28	61	27	50	49	45	35	59	55	29	20	39	42	25	40	53	19	34	15	36	58	44
21	38	1	11	3	30	6	16	22	31	60	5	14	10	9	23	52	43	46	8	2	0	13	33	7	17	24	56	4	12	51	57	26	48	63	62	47	37	32	18	41	54	28	61	27	50	49	45	35	59	55	29	20	39	42	25	40	53	19	34	15	36	58	44
21	38	1	11	3	30	6	16	22	31	60	5	14	10	9	23	52	43	46	8	2	0	13	33	7	17	24	56	4	12	51	57	26	48	63	62	47	37	32	18	41	54	28	61	27	50	49	45	35	59	55	29	20	39	42	25	40	53	19	34	15	36	58	44
21	38	1	11	3	30	6	16	22	31	60	5	14	10	9	23	52	43	46	8	2	0	13	33	7	17	56	24	4	12	51	57	26	48	63	62	47	37	32	18	41	54	28	61	27	50	49	45	35	59	55	29	20	39	42	25	40	53	19	34	15	36	58	44
21	38	1	11	3	30	6	16	22	31	60	5	14	10	9	23	52	43	46	8	2	0	13	33	7	17	56	24	4	12	51	57	26	48	63	62	47	37	32	18	41	54	28	61	27	50	49	45	35	59	55	29	20	39	42	25	40	53	19	34	15	36	58	44
21	38	1	11	3	30	6	16	22	31	60	5	14	10	9	23	52	43	46	8	2	0	13	33	7	17	56	24	4	12	51	57	26	48	63	62	47	37	32	18	41	54	28	61	27	50	49	45	35	59	55	29	20	39	42	25	40	53	19	34	15	36	58	44
21	38	1	11	3	30	6	16	22	31	60	5	14	10	9	23	52	43	46	8	2	0	13	33	7	17	56	24	4	12	51	57	26	48	63	62	47	37	32	18	41	54	28	61	27	50	49	45	35	59	55	29	20	39	42	25	40	53	19	34	15	36	58	44
21	38	1	11	3	30	6	16	22	31	60	5	14	10	9	23	52	43	46	8	2	0	13	33	7	17	56	24	4	12	51	57	26	48	63	62	47	37	32	18	41	54	28	61	27	50	49	45	35	59	55	29	20	39	42	25	40	53	19	34	15	36	58	44
21	38	1	11	3	30	6	16	22	31	60	5	14	10	9	23	52	43	46	8	2	0	13	33	7	17	56	24	4	12	51	57	26	48	63	62	47	37	32	18	41	54	28	61	27	50	49	45	35	59	55	29	20	39	42	25	40	53	19	34	15	36	58	44
21	38	1	11	3	30	6	16	22	31	60	5	14	10	9	23	52	43	46	8	2	0	13	33	7	17	56	24	4	12	51	57	26	48	63	62	47	37	32	18	41	54	28	61	27	50	49	45	35	59	55	29	20	39	42	25	40	53	19	34	15	36	58	44
21	38	1	11	3	30	6	16	22	31	60	5	14	10	9	23	52	43	46	8	2	0	13	33	7	17	56	24	4	12	51	57	26	48	63	62	47	37	32	18	41	54	28	61	27	50	49	45	35	59	55	29	20	39	42	25	40	53	19	34	15	36	58	44
21	38	1	11	3	30	6	16	22	31	60	5	14	10	9	23	52	43	46	8	2	0	13	33	7	17	56	24	4	12	51	57	26	48	63	62	47	37	32	18	41	54	28	61	27	50	49	45	35	59	55	29	20	39	42	25	40	53	19	34	15	36	58	44
21	38	1	11	3	30	6	16	22	31	60	5	14	10	9	23	52	43	46	8	2	0	13	33	7	17	56	24	4	12	51	57	26	48	63	62	47	37	32	18	41	54	28	61	27	50	49	45	35	59	55	29	20	39	42	25	40	53	19	34	15	36	58	44
21	38	1	11	3	30	6	16	22	31	60	5	14	10	9	23	52	43	46	8	2	0	13	33	7	17	56	24	4	12	51	57	26	48	63	62	47	37	32	18	41	54	28	61	27	50	49	45	35	59	55	29	20	39	42	25	40	53	19	34	15	36	58	44
21	38	1	11	3	30	6	16	22	31	60	5	14	10	9	23	52	43	46	8	2	0	13	33	7	17	56	24	4	12	51	57	26	48	63	62	47	37	32	18	41	54	28	61	27	50	49	45	35	59	55	29	20	39	42	25	40	53	19	34	15	36	58	44
21	38	1	11	3	30	6	16	22	31	60	5	14	10	9	23	52	43	46	8	2	0	13	33	7	17	56	24	4	12	51	57	26	48	63	62	47	37	32	18	41	54	28	61	27	50	49	45	35	59	55	29	20	39	42	25	40	53	19	34	15	36	58	44
21	38	1	11	3	30	6	16	22	31	60	5	14	10	9	23	52	43	46	8	2	0	13	33	7	17	56	24	4	12	51	57	26	48	63	62	47	37	32	18	41	54	28	61	27	50	49	45	35	59	55	29	20	39	42	25	40	53	19	34	15	36	58	44
21	38	1	11	3	30	6	16	22	31	60	5	14	10	9	23	52	43	46	8	2	0	13	33	7	17	56	24	4	12	51	57	26	48	63	62	47	37	32	18	41	54	28	61	27	50	49	45	35	59	55	29	20	39	42	25	40	53	19	34	15	36	58	44
21	38	1	11	3	30	6	16	22	31	60	5	14	10	9	23	52	43	46	8	2	0	13	33	7	17	56	24	4	12	51	57	26	48	63	62	47	37	32	18	41	54	28	61	27	50	49	45	35	59	55	29	20	39	42	25	40	53	19	34	15	36	58	44
21	38	1	11	3	30	6	16	22	31	60	5	13	10	9	23	52	43	46	8	2	0	14	33	7	17	56	24	4	12	51	57	26	48	63	62	47	37	32	18	41	54	28	61	27	50	49	45	35	59	55	29	20	39	42	25	40	53	19	34	15	36	58	44
21	38	1	11	3	30	6	16	22	31	60	5	13	10	9	23	52	43	46	8	2	0	14	33	7	17	56	24	4	12	51	57	26	48	63	62	47	50	32	18	41	54	28	61	27	37	49	45	35	59	55	29	20	39	42	25	40	53	19	34	15	36	58	44
21	38	1	11	3	30	6	16	22	31	60	5	13	10	9	23	52	43	46	8	2	0	14	33	7	17	56	24	4	12	51	57	26	48	63	62	47	50	32	18	41	54	28	61	27	37	49	45	35	59	55	29	20	39	42	25	40	53	19	34	15	36	58	44
21	38	1	11	3	30	6	16	22	31	60	5	13	10	9	23	52	43	46	8	2	0	14	33	7	17	56	24	4	12	51	57	26	48	63	62	47	50	32	18	41	54	28	61	27	37	49	45	35	59	55	29	20	39	42	25	40	53	19	34	15	36	58	44
21	38	1	11	3	30	6	16	22	31	60	5	13	10	9	23	52	43	46	8	2	0	14	33	7	17	56	24	4	12	51	57	26	48	63	62	47	50	32	18	41	54	28	61	27	37	49	45	35	59	55	29	20	39	42	25	40	53	19	34	15	36	58	44
21	38	1	11	3	30	6	16	22	31	60	5	13	10	9	23	52	43	46	8	2	0	14	33	7	17	56	24	4	12	51	57	26	48	63	62	47	50	32	18	41	54	28	61	27	37	49	45	35	59	55	29	20	39	42	25	40	53	19	34	15	36	58	44
21	38	1	11	3	30	6	16	22	31	60	5	13	10	9	23	52	43	46	8	2	0	14	33	7	17	56	24	4	12	51	57	26	48	63	62	47	50	32	18	41	54	28	61	27	37	49	45	35	59	55	29	20	39	42	25	40	53	19	34	15	36	58	44
21	38	1	11	3	30	6	16	22	31	60	5	13	10	9	23	52	43	46	8	2	0	14	33	7	17	56	24	4	12	51	57	26	48	63	62	47	50	32	18	41	54	28	61	27	37	49	45	35	59	55	29	20	39	42	25	40	53	19	34	15	36	58	44
21	38	1	11	3	30	6	16	22	31	60	5	13	10	9	23	52	43	46	8	2	0	14	33	7	17	56	24	4	12	51	57	26	48	63	62	47	50	32	18	41	54	28	61	27	37	49	45	35	59	55	29	20	39	42	25	40	53	19	34	15	36	58	44
21	38	1	11	3	30	6	16	22	31	60	5	13	10	9	23	52	43	46	8	2	0	14	33	7	17	56	24	4	12	51	57	26	48	63	62	47	50	32	18	41	54	28	61	27	37	49	45	35	59	55	29	20	39	42	25	40	53	19	34	15	36	58	44
21	38	1	11	3	30	6	16	22	31	60	5	13	10	9	23	52	43	46	8	2	0	14	33	7	17	56	24	4	12	51	57	26	48	63	62	47	50	32	18	41	54	28	61	27	37	49	45	35	59	55	29	20	39	42	25	40	53	19	34	15	36	58	44
21	38	1	11	3	30	6	16	22	31	60	5	13	10	9	23	52	43	46	8	2	0	14	33	7	17	56	24	4	12	51	57	26	48	63	62	47	50	32	18	41	54	28	61	27	37	49	45	35	59	55	29	20	39	42	25	40	53	19	34	15	36	58	44
21	38	1	11	3	30	6	16	22	31	60	5	13	10	9	23	52	43	46	8	2	0	14	33	7	17	56	24	4	12	51	57	26	48	63	62	47	50	32	18	41	54	28	61	27	37	49	45	35	59	55	29	20	39	42	25	40	53	19	34	15	36	58	44
21	38	1	11	3	30	6	16	22	31	60	5	13	10	9	23	52	43	46	8	2	0	14	33	7	17	56	24	4	12	51	57	26	48	63	62	47	50	32	18	41	54	28	61	27	37	49	45	35	59	55	29	20	39	42	25	40	53	19	34	15	36	58	44
21	38	1	11	3	30	6	16	22	31	60	5	13	10	9	23	52	43	46	8	2	0	14	33	7	17	56	24	4	12	51	57	26	48	62	63	47	50	32	18	41	54	28	61	27	37	49	45	35	59	55	29	20	39	42	25	40	53	19	34	15	36	58	44
21	38	1	11	3	30	6	16	22	31	60	5	13	10	9	23	52	43	46	8	2	0	14	33	7	17	56	24	4	12	51	57	26	48	62	63	47	50	32	18	41	54	28	61	27	37	49	45	35	59	55	29	20	39	42	25	40	53	19	34	15	36	58	44
21	38	1	11	3	30	6	16	22	31	60	5	13	10	9	23	52	43	46	8	2	0	14	33	7	17	56	24	4	12	51	57	26	48	62	63	47	50	32	18	41	54	28	61	27	37	49	45	35	59	55	29	20	39	42	25	40	53	19	34	15	36	58	44
21	38	1	11	3	30	6	16	22	31	60	5	0	10	9	23	52	43	46	8	2	13	14	33	7	17	56	24	4	12	51	57	26	48	62	63	47	50	32	18	41	54	28	61	27	37	49	45	35	59	55	29	20	39	42	25	40	53	19	34	15	36	58	44
21	38	1	11	3	30	6	16	22	31	60	5	0	10	9	23	52	43	46	8	2	13	14	33	7	17	56	24	4	12	51	57	26	48	62	63	47	50	32	18	41	54	28	61	27	37	49	45	35	59	55	29	20	39	42	25	40	53	19	34	15	36	58	44
21	38	1	11	3	30	6	16	22	31	60	5	0	10	9	23	52	43	46	8	2	13	14	33	7	17	56	24	4	12	51	57	26	48	62	63	47	50	32	18	41	54	28	61	27	37	49	45	35	59	55	29	20	39	42	25	40	53	19	34	15	36	58	44
21	38	1	11	3	30	6	16	22	31	60	5	0	10	9	23	52	43	46	8	2	13	14	33	7	17	56	24	4	12	51	57	26	48	62	63	47	50	32	18	41	54	28	61	27	37	49	45	35	59	55	29	20	39	42	25	40	53	19	34	15	36	58	44
21	38	1	11	3	30	6	16	22	31	60	5	0	10	9	23	52	43	46	8	2	13	14	33	7	17	56	24	4	12	51	57	26	48	62	63	47	50	32	18	41	54	28	61	27	37	49	45	35	59	55	29	20	39	42	25	40	53	19	34	15	36	58	44
21	38	1	11	3	30	6	16	22	31	60	5	0	10	9	23	52	43	46	8	2	13	14	33	7	17	56	24	4	12	51	57	26	48	61	63	47	50	32	18	41	54	28	62	27	37	49	45	35	59	55	29	20	39	42	25	40	53	19	34	15	36	58	44
21	38	1	11	3	30	6	16	22	31	60	5	0	10	9	23	52	46	43	8	2	13	14	33	7	17	56	24	4	12	51	57	26	48	61	63	47	50	32	18	41	54	28	62	27	37	49	45	35	59	55	29	20	39	42	25	40	53	19	34	15	36	58	44
21	38	1	11	3	30	6	16	22	31	60	5	0	10	9	23	52	46	43	8	2	13	14	33	7	17	56	24	4	12	51	57	26	48	61	63	47	50	32	18	41	54	28	62	27	37	49	45	35	59	55	29	20	39	42	25	40	53	19	34	15	36	58	44
21	38	1	11	3	30	6	16	22	31	60	5	0	10	9	23	52	46	43	8	2	13	14	33	7	17	56	24	4	12	51	57	26	48	61	63	47	50	32	18	41	54	28	62	27	37	49	45	35	59	55	29	20	39	42	25	40	53	19	34	15	36	58	44
21	38	1	11	3	30	6	16	22	31	60	5	0	10	9	23	52	46	43	8	2	13	14	33	7	17	56	24	4	12	51	57	26	48	61	63	47	50	32	18	41	54	28	62	27	37	49	45	35	59	55	29	20	39	42	25	40	53	19	34	15	36	58	44
21	38	1	11	3	30	6	16	22	31	60	5	0	10	9	23	52	46	43	8	2	13	14	33	7	17	56	24	4	12	51	57	26	48	61	63	47	50	32	18	41	54	28	62	27	37	49	45	35	59	55	29	20	39	42	25	40	53	19	34	15	36	58	44
21	38	1	11	3	30	6	16	22	31	60	5	0	10	9	23	52	46	43	8	2	13	14	33	7	17	56	24	4	12	51	57	26	48	61	63	47	50	32	18	41	54	28	62	27	37	49	45	35	59	55	29	20	39	42	25	40	53	19	34	15	36	58	44
21	38	1	11	3	30	6	16	22	31	60	5	0	10	9	23	52	46	43	8	2	13	14	33	7	17	56	24	4	12	51	57	26	48	61	63	47	50	32	18	41	54	28	62	27	37	49	45	35	59	55	29	20	39	42	25	40	53	19	34	15	36	58	44
21	38	1	11	3	30	6	16	22	31	60	5	0	10	9	23	52	46	43	8	2	13	14	33	7	17	56	24	4	12	51	57	26	54	61	63	47	50	32	18	41	48	28	62	27	37	49	45	35	59	55	29	20	39	42	25	40	53	19	34	15	36	58	44
21	38	1	11	3	30	6	16	22	31	60	5	0	10	9	23	52	46	43	8	2	13	14	33	7	17	56	24	4	12	51	57	26	54	61	63	47	50	32	18	41	48	28	62	27	37	49	45	35	59	55	29	20	39	42	25	40	53	19	34	15	36	58	44
21	38	1	11	3	30	6	16	22	31	60	5	0	10	9	23	52	46	43	8	2	13	14	33	7	17	56	24	4	12	51	57	26	54	61	63	47	50	32	18	41	48	28	62	27	37	49	45	35	59	55	29	20	39	42	25	40	53	19	34	15	36	58	44
21	38	1	11	3	30	6	16	22	31	60	5	0	10	9	23	52	46	43	8	2	13	14	33	7	17	56	24	4	12	51	57	26	54	61	63	47	50	32	18	41	48	28	62	27	37	49	45	35	59	55	29	20	39	42	25	40	53	19	34	15	36	58	44
21	38	1	11	3	30	6	16	22	31	60	5	0	10	9	23	52	46	43	8	2	13	14	33	7	17	56	24	4	12	51	57	26	54	61	63	47	50	32	18	41	48	28	62	27	37	49	45	35	59	55	29	20	39	42	25	40	53	19	34	15	36	58	44
21	38	1	11	3	30	6	16	22	31	60	5	0	10	9	23	52	46	43	8	2	13	14	33	7	17	56	24	4	12	51	57	26	54	61	63	47	50	32	18	41	48	28	62	27	37	49	45	35	59	55	29	20	39	42	25	40	53	19	34	15	36	58	44
21	38	1	11	3	30	6	16	22	31	60	5	0	10	9	23	52	46	43	8	2	13	14	33	7	17	56	24	4	12	51	57	26	54	61	63	47	50	32	18	41	48	28	62	27	37	49	45	35	59	55	29	20	39	42	25	40	53	19	34	15	36	58	44
21	38	1	11	3	30	6	16	22	31	60	5	0	10	9	23	52	46	43	8	2	13	14	33	7	17	56	24	4	12	51	57	26	54	61	63	47	50	32	18	41	48	28	62	27	37	49	45	35	59	55	29	20	39	42	25	40	53	19	34	15	36	58	44
21	38	1	11	3	30	6	16	22	31	60	5	0	10	9	23	52	46	43	8	2	13	14	33	7	17	56	24	4	12	51	57	26	54	61	63	47	50	32	18	41	48	28	62	27	37	49	45	35	59	55	29	20	39	42	25	40	53	19	34	15	36	58	44
21	38	1	11	3	30	6	16	22	31	60	5	0	10	9	23	52	46	43	8	2	13	14	33	7	17	56	24	4	12	51	57	26	54	61	63	47	50	32	18	41	48	28	62	27	37	49	45	35	59	55	29	20	39	42	25	40	53	19	34	15	36	58	44
21	38	1	11	3	30	6	16	22	31	60	5	0	10	9	23	52	46	43	8	2	13	14	33	7	17	56	24	4	12	51	57	26	54	61	63	47	50	32	18	41	48	28	62	27	37	49	45	35	59	55	29	20	39	42	25	40	53	19	34	15	36	58	44
21	38	1	11	3	30	6	16	22	31	60	5	0	10	9	23	52	46	43	8	2	13	14	33	7	17	56	24	4	12	51	57	26	54	61	63	47	50	32	18	41	48	28	62	27	37	49	45	35	59	55	29	20	39	42	25	40	53	19	34	15	36	58	44
21	38	1	11	3	30	6	16	22	31	60	5	0	10	9	23	52	46	43	8	2	13	14	33	7	17	56	24	4	12	51	57	26	54	61	63	47	50	32	18	41	48	28	62	27	37	49	45	35	59	55	29	20	39	42	25	40	53	19	34	15	36	58	44
21	38	1	11	3	30	6	16	22	31	60	5	0	10	9	23	52	46	43	8	2	13	14	33	7	17	56	24	4	12	51	57	26	54	61	63	47	50	32	18	41	48	28	62	27	37	49	45	35	59	55	29	20	39	42	25	40	53	19	34	15	36	58	44
21	38	1	11	3	30	6	16	22	31	60	5	0	10	9	23	52	46	43	8	2	13	14	33	7	17	56	24	4	12	51	57	26	54	61	63	47	50	32	18	41	48	28	62	27	37	49	45	35	59	55	29	20	39	42	25	40	53	19	34	15	36	58	44
21	38	1	11	3	30	6	16	22	31	60	5	0	10	9	23	52	46	43	8	2	13	14	33	7	17	56	24	4	12	51	57	26	54	61	63	47	50	32	18	41	48	28	62	27	37	49	45	35	59	55	29	20	39	42	25	40	53	19	34	15	36	58	44
21	38	1	11	3	30	6	16	22	31	60	5	0	10	9	23	52	46	43	8	2	13	14	33	7	17	56	24	4	12	51	57	26	54	61	63	47	50	32	18	41	48	28	62	27	37	49	45	35	59	55	29	20	39	42	25	40	53	19	34	15	36	58	44
21	38	1	11	3	30	6	16	22	31	60	5	0	10	9	23	52	46	43	8	2	13	14	33	7	17	56	24	4	12	51	57	26	54	61	63	47	50	32	18	41	48	28	62	27	37	49	45	35	59	55	29	20	39	42	25	40	53	19	34	15	36	58	44
21	38	1	11	3	30	6	16	22	31	60	5	0	10	9	23	52	46	43	8	2	13	14	33	7	17	56	24	4	12	51	57	26	54	61	63	47	50	32	25	41	48	28	62	27	37	49	45	35	59	55	29	20	39	42	18	40	53	19	34	15	36	58	44
21	38	1	11	3	30	6	16	22	31	46	5	0	10	9	23	52	60	43	8	2	13	14	33	7	17	56	24	4	12	51	57	26	54	61	63	47	50	32	25	41	48	28	62	27	37	49	45	35	59	55	29	20	39	42	18	40	53	19	34	15	36	58	44
21	38	1	11	3	30	6	16	22	31	46	5	0	10	9	23	52	60	43	8	2	13	14	33	7	17	56	24	4	12	51	57	26	54	61	63	47	50	32	25	41	48	28	62	27	37	49	45	35	59	55	29	20	39	42	18	40	53	19	34	15	36	58	44
21	38	1	11	3	30	6	16	22	31	46	5	0	10	9	23	52	60	43	8	2	13	14	33	7	17	56	24	4	12	51	57	26	54	61	63	47	50	32	25	41	48	28	62	27	37	49	45	35	59	55	29	20	39	42	18	40	53	19	34	15	36	58	44
21	38	1	11	3	30	6	16	22	31	46	5	0	10	9	23	52	60	43	8	2	13	14	33	7	17	56	24	4	12	51	57	26	54	61	63	47	50	32	25	41	48	28	62	27	37	49	45	35	59	55	29	20	39	42	18	40	53	19	34	15	36	58	44
21	38	1	11	3	30	6	16	22	31	46	5	0	10	9	23	52	60	43	8	2	13	14	33	7	17	56	24	4	12	51	57	26	54	61	63	47	50	32	25	41	48	28	62	27	37	49	45	35	59	55	29	20	39	42	18	40	53	19	34	15	36	58	44
21	38	1	11	3	30	6	16	22	31	46	5	0	10	9	23	52	60	43	8	2	13	14	33	7	17	56	24	4	12	51	57	26	54	61	63	47	50	32	25	41	48	28	62	27	37	49	45	35	59	55	29	20	39	42	18	40	53	19	34	15	36	58	44
21	38	1	11	3	30	6	16	22	31	46	5	0	10	9	23	52	60	43	8	2	13	14	33	7	17	56	24	4	12	51	57	26	54	61	63	47	50	32	25	41	48	28	62	27	37	49	45	35	59	55	29	20	39	42	18	40	53	19	34	15	36	58	44
21	38	1	11	3	30	6	16	22	31	46	5	0	10	9	23	52	60	43	8	2	13	14	33	7	17	56	24	4	12	51	57	26	54	61	63	47	50	32	25	41	48	28	62	27	37	49	45	35	59	55	29	20	39	42	18	40	53	19	34	15	36	58	44
21	38	1	11	3	30	6	16	22	31	46	5	0	10	9	23	52	60	43	8	2	13	14	33	7	17	56	24	4	12	51	57	26	54	61	63	47	50	32	25	41	48	28	62	27	37	49	45	35	59	55	29	20	39	42	18	40	53	19	34	15	36	58	44
21	38	1	11	3	30	6	16	22	31	46	5	0	10	9	23	52	60	43	8	2	14	13	33	7	17	56	24	4	12	51	57	26	54	61	63	47	50	32	25	41	48	28	62	27	37	49	45	35	59	55	29	20	39	42	18	40	53	19	34	15	36	58	44
21	38	1	11	3	30	6	16	22	31	46	5	0	10	9	23	52	60	43	8	2	14	13	33	7	17	56	24	4	12	51	57	26	54	61	63	47	50	32	25	41	48	28	62	27	37	49	45	35	59	55	29	20	39	42	18	40	53	19	34	15	36	58	44
21	38	1	11	3	30	6	16	22	31	46	5	0	10	9	23	52	60	43	8	2	14	13	33	7	17	56	24	4	12	51	57	26	54	61	63	47	48	32	25	41	50	28	62	27	37	49	45	35	59	55	29	20	39	42	18	40	53	19	34	15	36	58	44
21	38	1	11	3	30	6	16	22	31	46	5	0	10	9	23	52	60	43	8	2	14	13	33	7	17	56	24	4	12	51	57	26	54	61	63	47	48	32	25	41	50	28	62	27	37	49	45	35	59	55	29	20	39	42	18	40	53	19	34	15	36	58	44
21	38	1	11	3	30	6	16	22	31	46	5	0	10	9	23	52	60	43	8	2	14	13	33	7	17	56	24	4	12	51	57	26	54	61	63	47	48	32	25	41	50	28	62	27	37	49	45	35	59	55	29	20	39	42	18	40	53	19	34	15	36	58	44
21	38	1	11	3	30	6	16	22	31	46	5	0	10	9	23	52	60	43	8	2	14	13	33	7	17	56	24	4	12	51	57	26	54	61	63	47	48	32	25	41	50	28	62	27	37	49	45	35	59	55	29	20	39	42	18	40	53	19	34	15	36	58	44
21	38	1	11	3	30	6	16	22	31	46	5	0	10	9	23	52	60	43	8	2	14	13	33	7	17	56	24	4	12	51	57	26	54	61	63	47	48	32	25	41	50	28	62	27	37	49	45	35	59	55	29	20	39	42	18	40	53	19	34	15	36	58	44
21	38	1	11	3	30	6	16	22	31	46	5	0	10	9	23	52	60	43	8	2	14	13	33	7	17	56	24	4	12	51	57	26	54	61	63	47	48	32	25	41	50	28	62	27	37	49	45	35	59	55	29	20	39	42	18	40	53	19	34	15	36	58	44
21	38	1	11	3	30	6	16	22	31	46	5	0	10	9	23	52	60	43	8	2	14	13	33	7	17	56	24	4	12	51	57	26	54	61	63	47	48	32	25	41	50	28	62	27	37	49	45	35	59	55	29	20	39	42	18	40	53	19	34	15	36	58	44
21	38	1	11	3	30	6	16	22	31	46	5	0	10	9	23	52	60	43	8	2	14	13	33	7	17	56	24	4	12	51	57	26	54	61	63	47	48	32	25	41	50	28	62	27	37	49	45	35	59	55	29	20	39	42	18	40	53	19	34	15	36	58	44
21	38	1	11	3	30	6	16	22	31	46	5	0	10	9	23	52	60	43	8	2	14	13	33	7	17	56	24	4	12	51	57	26	54	61	63	47	48	32	25	41	50	28	62	27	37	49	45	35	59	55	29	20	39	42	18	40	53	19	34	15	36	58	44
21	38	1	11	3	30	6	16	22	31	46	5	0	10	9	23	52	60	43	8	2	14	13	33	7	17	56	24	4	12	51	57	26	54	61	63	47	48	32	25	41	50	28	62	27	37	49	45	35	59	55	29	20	39	42	18	40	53	19	34	15	36	58	44
21	38	1	11	3	30	6	16	22	31	46	5	0	10	9	23	52	60	43	8	2	14	13	33	7	17	56	24	4	12	51	57	26	54	61	63	47	48	32	25	41	50	28	62	27	37	49	18	35	59	55	29	20	39	42	45	40	53	19	34	15	36	58	44
21	38	1	11	3	30	6	16	22	31	46	5	0	10	9	23	52	60	43	8	2	14	13	33	7	17	56	24	4	12	51	57	26	54	61	63	47	48	32	25	41	50	28	62	27	37	49	18	35	59	55	29	20	39	42	45	40	53	19	34	15	36	58	44
21	38	1	11	3	30	6	16	22	31	46	5	0	10	9	23	52	60	43	8	2	14	13	33	7	17	56	24	4	12	51	57	26	54	61	63	47	48	32	25	41	50	28	62	27	37	49	18	35	59	55	29	20	39	42	45	40	53	19	34	15	36	58	44
21	38	1	11	3	30	6	16	22	31	46	5	0	10	9	23	52	60	43	8	2	14	13	33	7	17	56	24	4	12	51	57	26	54	63	61	47	48	32	25	41	50	28	62	27	37	49	18	35	59	55	29	20	39	42	45	40	53	19	34	15	36	58	44
21	38	1	11	3	30	6	16	22	31	46	5	0	10	9	23	52	60	43	8	2	14	13	33	7	17	56	24	4	12	51	57	26	54	63	61	47	48	32	25	41	50	28	62	27	37	49	18	35	59	55	29	20	39	42	45	40	53	19	34	15	36	58	44
21	38	1	11	3	30	6	16	22	31	46	5	0	10	9	23	52	60	43	8	2	14	13	33	7	17	56	24	4	12	51	57	26	54	63	61	47	48	32	25	41	50	28	62	27	37	49	18	35	59	55	29	20	39	42	45	40	53	19	34	15	36	58	44
21	38	1	11	3	30	6	16	22	31	46	5	0	10	9	23	52	60	43	8	2	14	13	33	7	17	56	24	4	12	51	57	26	54	63	61	47	48	32	25	41	50	28	62	27	37	49	18	35	59	55	29	20	39	42	45	40	53	19	34	15	36	58	44
21	38	1	11	3	30	6	16	22	31	46	5	0	10	9	23	52	60	43	8	2	14	13	33	7	17	56	24	4	12	51	57	26	54	63	61	47	48	32	25	41	50	28	62	27	37	49	18	35	59	55	29	20	39	42	45	40	53	19	34	15	36	58	44
21	38	1	11	3	30	6	16	22	31	46	5	0	10	9	23	52	60	43	8	2	14	13	33	7	17	56	24	4	12	51	57	26	54	63	61	47	48	32	25	41	50	28	62	27	37	49	18	35	59	55	29	20	39	42	45	40	53	19	34	15	36	58	44
21	38	1	11	3	30	6	16	22	31	46	5	0	10	9	23	52	60	43	8	2	14	13	33	7	17	56	24	4	12	51	57	26	54	63	61	47	48	32	25	41	50	28	62	27	37	49	18	35	59	55	29	20	39	42	45	40	53	19	34	15	36	58	44
21	38	1	11	3	30	6	16	22	31	46	5	0	10	9	23	52	60	43	8	2	14	13	33	7	17	56	24	4	12	51	57	26	54	63	61	47	48	32	25	41	50	28	62	27	37	49	18	35	59	55	29	20	39	42	45	40	53	19	34	15	36	58	44
21	38	1	11	3	30	6	16	22	31	46	5	0	10	9	23	52	60	43	8	2	14	13	33	7	17	56	24	4	12	51	57	26	54	62	61	47	48	32	25	41	50	28	63	27	37	49	18	35	59	55	29	20	39	42	45	40	53	19	34	15	36	58	44
21	38	1	11	3	30	6	16	22	31	46	5	0	10	9	23	52	60	43	8	2	14	13	33	7	17	56	24	4	12	51	57	26	54	62	61	47	48	32	25	41	50	28	63	27	37	49	18	35	59	55	29	20	39	42	45	40	53	19	34	15	36	58	44
21	38	1	11	3	30	6	16	22	31	46	5	0	10	9	23	52	60	43	8	2	14	13	33	7	17	56	24	4	12	51	57	26	54	62	61	47	48	32	25	41	50	28	63	27	37	49	18	35	59	55	29	20	39	42	45	40	53	19	34	15	36	58	44
21	38	1	11	3	30	6	16	22	31	46	5	0	10	9	23	52	60	43	8	2	14	13	33	7	17	56	24	4	12	51	57	26	54	62	61	47	48	32	25	41	50	28	63	27	37	49	18	35	59	55	29	20	39	42	45	40	53	19	34	15	36	58	44
21	38	1	11	3	30	6	16	22	31	46	5	0	10	9	23	52	60	43	8	2	14	13	33	7	17	56	24	4	12	51	57	26	54	62	61	47	48	32	25	41	50	28	63	27	37	49	18	35	59	55	29	20	39	42	45	40	53	19	34	15	36	58	44
21	38	1	11	3	30	6	16	22	31	46	5	0	10	9	23	52	60	43	8	2	14	13	33	7	17	56	24	4	12	51	57	26	54	62	61	47	48	32	25	41	50	28	63	27	37	49	18	35	59	55	29	20	39	42	45	40	53	19	34	15	36	58	44
21	38	1	11	3	30	6	16	22	31	46	5	0	10	9	23	52	60	43	8	2	14	13	33	7	17	56	24	4	12	51	57	26	54	62	61	47	48	32	25	41	50	28	63	27	37	49	18	35	59	55	29	20	39	42	45	40	53	19	34	15	36	58	44
21	38	1	11	3	30	6	16	22	31	46	5	0	10	9	23	52	60	43	8	2	14	13	33	7	17	56	24	4	12	51	57	26	54	62	61	47	48	32	25	41	50	28	63	27	37	49	18	35	59	55	29	20	39	42	45	40	53	19	34	15	36	58	44
21	38	1	11	3	30	6	16	22	31	46	5	0	10	9	23	52	60	43	8	2	14	13	33	7	17	56	24	4	12	51	57	26	54	62	61	47	48	32	25	41	50	28	63	27	37	49	18	35	59	55	29	20	39	42	45	40	53	19	34	15	36	58	44
21	38	1	11	3	30	6	16	22	31	46	5	0	10	9	23	52	60	43	8	2	14	13	33	7	17	56	24	4	12	51	57	26	54	62	61	47	48	32	25	41	55	28	63	27	37	49	18	35	59	50	29	20	39	42	45	40	53	19	34	15	36	58	44
21	38	1	11	3	30	6	16	22	31	46	5	0	10	9	23	52	60	43	8	2	14	13	33	7	17	56	24	4	12	51	57	26	54	62	61	47	48	32	25	41	55	28	63	27	37	49	18	35	59	50	29	20	39	42	45	40	53	19	34	15	36	58	44
21	38	1	11	3	30	6	16	22	31	46	5	0	10	9	23	52	60	43	8	2	14	13	33	7	17	56	24	4	12	51	57	26	54	62	61	47	48	32	25	41	55	28	63	27	37	49	18	35	59	50	29	20	39	42	45	40	53	19	34	15	36	58	44
21	38	1	11	3	30	6	16	22	31	46	5	0	10	9	23	52	60	43	8	2	14	13	33	7	17	56	24	4	12	51	57	26	54	62	61	47	48	32	25	41	55	28	63	27	37	49	18	35	59	50	29	20	39	42	45	40	53	19	34	15	36	58	44
21	38	1	11	3	30	6	16	22	31	46	5	0	10	9	23	52	60	43	8	2	14	13	33	7	17	56	24	4	12	51	57	26	54	62	61	47	48	32	25	41	55	28	63	27	37	49	18	35	59	50	29	20	39	42	45	40	53	19	34	15	36	58	44
21	38	1	11	3	30	6	16	22	31	46	5	0	10	9	23	52	60	43	8	2	14	13	33	7	17	56	24	4	12	51	57	26	54	62	61	47	48	32	25	41	55	28	63	27	37	49	18	35	59	50	29	20	39	42	45	40	53	19	34	15	36	58	44
21	38	1	11	3	30	6	16	22	31	46	5	0	10	9	23	52	60	43	8	2	14	13	33	7	17	56	24	4	12	51	57	26	54	62	61	47	48	32	25	41	55	28	63	27	37	49	18	35	59	50	29	20	39	42	45	40	53	19	34	15	36	58	44
21	38	1	11	3	30	6	16	22	31	46	5	0	10	9	23	52	60	43	8	2	14	13	33	7	17	56	24	4	12	51	57	26	54	62	61	47	48	32	25	41	55	28	63	27	37	49	18	35	59	50	29	20	39	42	45	40	53	19	34	15	36	58	44
21	38	1	11	3	30	6	16	22	31	46	5	0	10	9	23	52	60	43	8	2	14	13	33	7	17	56	24	4	12	51	57	26	54	62	61	47	48	32	25	41	55	28	63	27	37	49	18	35	59	50	29	20	39	42	45	40	53	19	34	15	36	58	44
21	38	1	11	3	30	6	16	22	31	46	5	0	10	9	23	52	60	43	8	2	14	13	33	7	17	56	24	4	12	51	57	26	54	62	61	47	48	32	25	41	55	28	63	27	37	49	18	35	59	50	29	20	39	42	45	40	53	19	34	15	36	58	44
21	38	1	11	3	30	6	16	22	31	46	5	0	10	9	23	52	60	43	8	2	14	13	33	7	17	56	24	4	12	51	57	26	54	62	61	47	48	32	25	41	55	28	63	27	37	49	18	35	59	50	29	20	39	42	45	40	53	19	34	15	36	58	44
21	38	1	11	3	30	6	16	22	31	46	5	0	10	9	23	52	60	43	8	2	14	13	33	7	17	24	56	4	12	51	57	26	54	62	61	47	48	32	25	41	55	28	63	27	37	49	18	35	59	50	29	20	39	42	45	40	53	19	34	15	36	58	44
21	38	1	11	3	30	6	16	22	31	46	5	0	10	9	23	52	60	43	8	2	14	13	33	7	17	24	56	4	12	51	57	26	54	62	61	47	48	32	25	41	55	28	63	27	37	49	18	35	59	50	29	20	39	42	45	40	53	19	34	15	36	58	44
21	38	1	11	3	30	6	16	22	31	46	5	0	10	9	23	52	60	43	8	2	14	13	33	7	17	24	56	4	12	51	57	26	54	62	61	47	48	32	25	41	55	28	63	27	37	49	18	35	59	50	29	20	39	42	45	40	53	19	34	15	36	58	44
21	38	1	11	3	30	6	16	22	31	46	5	0	10	9	23	52	60	43	8	2	14	13	33	7	17	24	56	4	12	51	57	26	54	62	61	47	48	32	25	41	55	28	63	27	37	49	18	35	59	50	29	20	39	42	45	40	53	19	34	15	36	58	44
21	38	1	11	3	30	6	16	22	31	46	5	0	10	9	23	52	60	43	8	2	14	13	33	7	17	24	56	4	12	51	57	26	54	62	61	47	48	32	25	41	55	28	63	27	37	49	18	35	59	50	29	20	39	42	45	40	53	19	34	15	36	58	44
21	38	1	11	3	30	6	16	22	31	46	5	0	10	9	23	52	60	43	8	2	14	13	33	7	17	24	56	4	12	51	57	26	54	62	61	47	48	32	25	41	55	28	63	27	37	49	18	35	59	50	29	20	39	42	45	40	53	19	34	15	36	58	44
21	38	1	11	3	30	6	16	22	31	46	5	0	10	9	23	52	60	43	8	2	14	13	33	7	17	24	56	4	12	51	57	26	54	62	61	47	48	32	25	41	55	28	63	27	37	49	18	35	59	50	29	20	39	42	45	40	53	19	34	15	36	58	44
21	38	1	11	3	30	6	16	22	31	46	5	0	10	9	23	52	60	43	8	2	14	13	33	7	17	24	56	4	12	51	57	26	54	62	61	47	48	32	25	41	55	28	63	27	37	49	18	35	59	50	29	20	39	42	45	40	53	19	34	15	36	58	44
21	38	1	11	3	30	6	16	22	31	46	5	0	10	9	23	52	60	43	8	2	14	13	33	7	17	24	56	4	12	51	57	26	54	62	61	47	48	32	25	41	55	28	63	27	37	49	18	35	59	50	29	20	39	42	45	40	53	19	34	15	36	58	44
21	38	1	11	3	30	6	16	22	31	46	5	0	10	9	23	52	60	43	8	2	14	13	33	7	17	24	56	4	12	51	57	26	54	62	61	47	48	32	25	41	55	28	63	27	37	49	18	35	59	50	29	20	39	42	45	40	53	19	34	15	36	58	44
21	38	1	11	3	30	6	16	22	31	46	5	0	10	9	23	52	60	43	8	2	14	13	33	7	17	24	56	4	12	51	57	26	54	62	61	47	48	32	25	41	55	28	63	27	37	49	18	35	59	50	29	20	39	42	45	40	53	19	34	15	36	58	44
21	38	1	11	3	30	6	16	22	31	46	5	0	10	9	23	52	60	43	8	2	14	13	33	7	17	24	56	4	12	51	57	26	54	62	61	47	48	32	25	41	55	28	63	27	37	49	18	35	59	50	29	20	39	42	45	40	53	19	34	15	36	58	44
21	38	1	11	3	30	6	16	22	31	46	5	0	10	9	23	52	60	43	8	2	14	13	33	7	17	24	56	4	12	51	57	26	54	62	61	47	48	32	25	41	55	28	63	27	37	49	18	35	59	50	29	20	39	42	45	40	53	19	34	15	36	58	44
21	38	1	11	3	30	6	16	22	31	46	5	0	10	9	23	52	60	43	8	2	14	13	33	7	17	24	56	4	12	51	57	26	54	62	61	47	48	32	25	41	55	28	63	27	37	49	18	35	59	50	29	20	39	42	45	40	53	19	34	15	36	58	44
21	38	1	11	3	30	6	16	22	31	46	5	0	10	9	23	52	60	43	8	2	14	13	33	7	17	24	56	4	12	51	57	26	54	62	61	47	48	32	25	41	55	28	63	27	37	49	18	35	59	50	29	20	39	42	45	40	53	19	34	15	36	58	44
21	38	1	11	3	30	6	16	22	31	46	5	0	10	9	23	52	60	43	8	2	14	13	33	7	17	24	56	4	12	51	57	26	54	62	61	47	48	32	25	41	55	28	63	27	37	49	18	35	59	50	29	20	39	42	45	40	53	19	34	15	36	58	44
21	38	1	11	3	30	6	16	22	31	46	5	0	10	9	23	52	60	43	8	2	14	13	33	7	17	24	56	4	12	51	57	26	54	62	61	47	48	32	25	41	55	28	63	27	37	49	18	35	59	50	29	20	39	42	45	40	53	19	34	15	36	58	44
21	38	1	11	3	30	6	16	22	31	46	5	0	10	9	23	52	60	43	8	2	14	13	33	7	17	24	56	4	12	51	57	26	54	62	61	47	48	32	25	41	55	28	63	27	37	49	18	35	59	50	29	20	39	42	45	40	53	19	34	15	36	58	44
21	38	1	11	3	30	6	16	22	31	46	5	0	10	9	23	52	60	43	8	2	14	13	33	7	17	24	56	4	12	51	57	26	54	62	61	47	48	32	25	41	55	28	63	27	39	49	18	35	59	50	29	20	37	42	45	40	53	19	34	15	36	58	44
21	38	1	11	3	30	6	16	22	31	46	5	0	10	9	23	52	60	43	8	2	14	13	33	7	17	24	56	4	12	51	57	26	54	62	61	47	39	32	25	41	55	28	63	27	48	49	18	35	59	50	29	20	37	42	45	40	53	19	34	15	36	58	44
21	38	1	11	3	30	6	16	22	31	46	5	0	10	9	23	52	60	43	8	2	14	13	33	7	17	24	56	4	12	51	57	26	54	62	61	47	39	32	25	41	55	28	63	27	48	49	18	35	59	50	29	20	37	42	45	40	53	19	34	15	36	58	44
21	38	1	11	3	30	6	16	22	31	46	5	0	10	9	23	52	60	43	8	2	14	13	33	7	17	24	56	4	12	51	57	26	54	62	61	47	39	32	25	41	55	28	63	27	48	49	18	35	59	50	29	20	37	42	45	40	53	19	34	15	36	58	44
21	38	1	11	3	30	6	16	22	31	46	5	0	10	9	23	52	60	43	8	2	14	13	33	7	17	24	56	4	12	51	57	26	54	62	61	47	39	32	25	41	55	28	63	27	48	49	18	35	59	50	29	20	37	42	45	40	53	19	34	15	36	58	44
21	38	1	11	3	30	6	16	22	31	46	5	0	10	9	23	52	60	43	8	2	14	13	33	7	17	24	56	4	12	51	57	26	54	62	61	47	39	32	25	41	55	28	63	27	48	49	18	35	59	50	29	20	37	42	45	40	53	19	34	15	36	58	44
21	38	1	11	3	30	6	16	22	31	46	5	0	10	9	23	52	60	43	8	2	14	13	33	7	17	24	56	4	12	51	57	26	54	62	61	47	39	32	25	41	55	28	63	27	48	49	18	35	59	50	29	20	37	42	45	40	53	19	34	15	36	58	44
21	38	1	11	3	30	6	16	22	31	46	5	0	10	9	23	52	60	43	8	2	14	13	33	7	17	24	56	4	12	51	57	26	54	62	61	47	39	32	25	41	55	28	63	27	48	49	18	35	59	50	29	20	37	42	45	40	53	19	34	15	36	58	44
21	38	1	11	3	30	6	16	22	31	46	5	0	10	9	23	52	60	43	8	2	14	13	33	7	17	24	56	4	12	51	57	26	54	62	61	47	39	32	25	41	55	28	63	27	48	49	18	35	59	50	29	20	37	42	45	40	53	19	34	15	36	58	44
21	38	1	11	3	30	6	16	22	31	46	5	0	10	9	23	52	60	43	8	2	14	13	33	7	17	24	56	4	12	51	57	26	54	62	61	47	39	32	25	41	55	28	63	27	48	49	18	35	59	50	29	20	37	42	45	40	53	19	34	15	36	58	44
21	38	1	11	3	30	6	16	22	31	46	5	0	10	9	23	52	60	43	8	2	14	13	33	7	17	24	56	4	12	51	57	26	54	62	61	47	39	32	25	41	55	28	63	27	48	49	18	35	59	50	29	20	37	42	45	40	53	19	34	15	36	58	44
21	38	1	11	3	30	6	16	22	31	46	5	0	10	9	23	52	60	43	8	2	14	13	33	7	17	24	56	4	12	51	57	26	54	62	61	47	39	32	25	41	55	28	63	27	48	49	18	35	59	50	29	20	37	42	45	40	53	19	34	15	36	58	44
21	38	1	11	3	30	6	16	22	31	46	5	0	10	9	23	52	60	43	8	2	14	13	33	7	17	24	56	4	12	51	57	26	54	62	61	47	39	32	25	41	55	28	63	27	48	49	18	35	59	50	29	20	37	42	45	40	53	19	34	15	36	58	44
21	38	1	11	3	30	6	16	22	31	46	5	0	10	9	23	52	60	43	8	2	14	13	33	7	17	24	56	4	12	51	57	26	54	62	61	47	39	32	25	41	55	28	63	27	48	49	18	35	59	50	29	20	37	42	45	40	53	19	34	15	36	58	44
21	38	1	11	3	30	6	16	22	31	46	5	0	10	9	23	52	60	43	8	2	14	13	33	7	17	24	56	4	12	51	57	26	54	61	62	47	39	32	25	41	55	28	63	27	48	49	18	35	59	50	29	20	37	42	45	40	53	19	34	15	36	58	44
21	38	1	11	3	30	6	16	22	31	46	5	0	10	9	23	52	60	43	8	2	14	13	33	7	17	24	56	4	12	51	57	26	54	61	62	47	39	32	25	41	55	28	63	27	48	49	18	35	59	50	29	20	37	42	45	40	53	19	34	15	36	58	44
21	38	1	11	3	30	6	16	22	31	46	5	0	10	9	23	52	60	43	8	2	14	13	33	7	17	24	56	4	12	51	57	26	54	61	62	47	39	32	25	41	55	28	63	27	48	49	18	35	59	50	29	20	37	42	45	40	53	19	34	15	36	58	44
21	38	1	11	3	30	6	16	22	31	46	5	0	10	9	23	52	60	43	8	2	14	13	33	7	17	24	56	4	12	51	57	26	54	61	62	47	39	32	25	41	55	28	63	27	48	49	18	35	59	50	29	20	37	42	45	40	53	19	34	15	36	58	44
21	38	1	11	3	30	6	16	22	31	46	5	0	10	9	23	52	60	43	8	2	14	13	33	7	17	24	56	4	12	51	57	26	54	61	62	47	39	32	25	41	55	28	63	27	48	49	18	35	59	50	29	20	37	42	45	40	53	19	34	15	36	58	44
21	38	1	11	3	30	6	16	22	31	46	5	0	10	9	23	52	60	43	8	2	14	13	33	7	17	24	56	4	12	51	57	26	54	61	62	47	39	32	25	41	55	28	63	27	48	49	18	35	59	50	29	20	37	42	45	40	53	19	34	15	36	58	44
21	38	1	11	3	30	6	16	22	31	46	5	0	10	9	23	52	60	43	8	2	14	13	33	7	17	24	56	4	12	51	57	26	54	61	62	47	39	32	25	41	55	28	63	27	48	49	18	35	59	50	29	20	37	42	45	40	53	19	34	15	36	58	44
21	38	1	11	3	30	6	16	22	31	46	5	0	10	9	23	52	60	43	8	2	14	13	33	7	17	24	56	4	12	51	57	26	54	61	62	47	39	32	25	41	55	28	63	27	48	49	18	35	59	50	29	20	37	42	45	40	53	19	34	15	36	58	44
21	38	1	11	3	30	6	16	22	31	46	5	0	10	9	23	52	60	43	8	2	14	13	33	7	17	24	56	4	12	51	57	26	54	63	62	47	39	32	25	41	55	28	61	27	48	49	18	35	59	50	29	20	37	42	45	40	53	19	34	15	36	58	44
21	38	1	11	3	30	6	16	22	31	46	5	0	10	9	23	52	60	43	8	2	14	13	33	7	17	24	56	4	12	51	57	26	54	63	62	47	39	32	25	41	55	28	61	27	48	49	18	35	59	50	29	20	37	42	45	40	53	19	34	15	36	58	44
21	38	1	11	3	30	6	16	22	31	46	5	0	10	9	23	52	60	43	8	2	14	13	33	7	17	24	56	4	12	51	57	26	54	63	62	47	39	32	25	41	55	28	61	27	48	49	18	35	59	50	29	20	37	42	45	40	53	19	34	15	36	58	44
21	38	1	11	3	30	6	16	22	31	46	5	0	10	9	23	52	60	43	8	2	14	13	33	7	17	24	56	4	12	51	57	26	54	63	62	47	39	32	25	41	55	28	61	27	48	49	18	35	59	50	29	20	37	42	45	40	53	19	34	15	36	58	44
21	38	1	11	3	30	6	16	22	31	46	5	0	10	9	23	52	60	43	8	2	14	13	33	7	17	24	56	4	12	51	57	26	54	63	62	47	39	32	25	41	55	28	61	27	48	49	18	35	59	50	29	20	37	42	45	40	53	19	34	15	36	58	44
21	38	1	11	3	30	6	16	22	31	46	5	0	10	9	23	52	60	43	8	2	14	13	33	7	17	24	56	4	12	51	57	26	54	63	62	47	39	32	25	41	55	28	61	27	48	49	18	35	59	50	29	20	37	42	45	40	53	19	34	15	36	58	44
21	38	1	11	3	30	6	16	22	31	46	5	0	10	9	23	52	60	43	8	2	14	13	33	7	17	24	56	4	12	51	57	26	54	63	62	47	39	32	25	41	55	28	61	27	48	49	18	35	59	50	29	20	37	42	45	40	53	19	34	15	36	58	44
21	38	1	11	3	30	6	16	22	31	46	5	0	10	9	23	52	60	43	8	2	14	13	33	7	17	24	56	4	12	51	57	26	54	63	62	47	39	32	25	41	55	28	61	27	48	49	18	35	59	50	29	20	37	42	45	40	53	19	34	15	36	58	44
21	38	1	11	3	30	6	16	22	31	46	5	0	10	9	23	52	60	43	8	2	14	13	33	7	17	24	56	4	12	51	57	26	55	63	62	47	39	32	25	41	54	28	61	27	48	49	18	35	59	50	29	20	37	42	45	40	53	19	34	15	36	58	44
21	38	1	11	3	30	6	16	22	31	46	5	0	10	9	23	52	60	43	8	2	14	13	33	7	17	24	56	4	12	51	57	26	55	63	62	47	39	32	25	41	54	28	61	27	48	49	18	35	59	50	29	20	37	42	45	40	53	19	34	15	36	58	44
21	38	1	11	3	30	6	16	22	31	46	5	0	10	9	23	52	60	43	8	2	14	13	33	7	17	24	56	4	12	51	57	26	55	63	62	47	39	32	25	41	54	28	61	27	48	49	18	35	59	50	29	20	37	42	45	40	53	19	34	15	36	58	44
21	38	1	11	3	30	6	16	22	31	46	5	0	10	9	23	52	60	43	8	2	14	13	33	7	17	24	56	4	12	51	57	26	55	63	62	47	39	32	25	41	54	28	61	27	48	49	18	35	59	50	29	20	37	42	45	40	53	19	34	15	36	58	44
21	38	1	11	3	30	6	16	22	31	46	5	0	10	9	23	52	60	43	8	2	14	13	33	7	17	24	56	4	12	51	57	26	55	63	62	47	39	32	25	41	54	28	61	27	48	49	18	35	59	50	29	20	37	42	45	40	53	19	34	15	36	58	44
21	38	1	11	3	30	6	16	22	31	46	5	0	10	9	23	52	60	43	8	2	14	13	33	7	17	24	56	4	12	51	57	26	55	63	62	47	39	32	25	41	54	28	61	27	48	49	18	35	59	50	29	20	37	42	45	40	53	19	34	15	36	58	44
21	38	1	11	3	30	6	16	22	31	46	5	0	10	9	23	52	60	43	8	2	14	13	33	7	17	24	56	4	12	51	57	26	55	63	62	47	39	32	25	41	54	28	61	27	48	49	18	35	59	50	29	20	37	42	45	40	53	19	34	15	36	58	44
21	38	1	11	3	30	6	16	22	31	46	5	0	10	9	23	52	60	43	8	2	14	13	33	7	17	24	56	4	12	51	57	26	55	63	62	47	39	32	25	41	54	28	61	27	48	49	18	35	59	50	29	20	37	42	45	40	53	19	34	15	36	58	44
21	38	1	3	11	30	6	16	22	31	46	5	0	10	9	23	52	60	43	8	2	14	13	33	7	17	24	56	4	12	51	57	26	55	63	62	47	39	32	25	41	54	28	61	27	48	49	18	35	59	50	29	20	37	42	45	40	53	19	34	15	36	58	44
21	38	1	3	11	30	6	16	22	31	46	5	0	10	9	23	52	60	43	8	2	14	13	33	7	17	24	56	4	12	51	57	26	55	63	62	47	39	32	25	41	54	28	61	27	48	49	18	35	59	50	29	20	37	42	45	40	53	19	34	15	36	58	44
21	38	1	3	11	30	6	16	22	31	46	5	0	10	9	23	52	60	43	8	2	14	13	33	7	17	24	56	4	12	51	57	26	55	63	62	47	39	32	25	41	54	28	61	27	48	49	18	35	59	50	29	20	37	42	45	40	53	19	34	15	36	58	44
21	38	1	3	11	30	6	16	22	31	46	5	0	10	9	23	52	60	43	8	2	14	13	33	7	17	24	56	4	12	51	57	26	55	63	62	47	39	32	25	41	54	28	61	27	48	49	18	35	59	50	29	20	37	42	45	40	53	19	34	15	36	58	44
21	38	1	3	11	30	6	16	22	31	46	5	0	10	9	23	52	60	43	8	2	14	13	33	7	17	24	56	4	12	51	57	26	55	63	62	47	39	32	25	41	54	28	61	27	48	49	18	35	59	50	29	20	37	42	45	40	53	19	34	15	36	58	44
21	38	1	3	11	30	6	16	22	31	46	5	0	10	9	23	52	60	43	8	2	14	13	33	7	17	24	56	4	12	51	57	26	55	63	62	47	39	32	25	41	54	28	61	27	48	49	18	35	59	50	29	20	37	42	45	40	53	19	34	15	36	58	44
21	38	1	3	11	30	6	16	22	31	46	5	0	10	9	23	52	60	43	8	2	14	13	33	7	17	24	56	4	12	51	57	26	55	63	62	47	39	32	25	41	54	28	61	27	48	49	18	35	59	50	29	20	37	42	45	40	53	19	34	15	36	58	44
21	38	1	3	11	30	6	16	22	31	46	5	0	10	9	23	52	60	43	8	2	14	13	33	7	17	24	56	4	12	51	57	26	55	63	62	47	39	32	25	41	54	28	61	27	48	49	18	35	59	50	29	20	37	42	45	40	53	19	34	15	36	58	44
21	38	1	3	11	30	6	16	22	31	46	5	0	10	9	23	52	60	43	8	2	14	13	33	7	17	24	56	4	12	51	57	26	55	63	62	47	39	32	25	41	54	28	61	27	48	49	18	35	59	50	29	20	37	42	45	40	53	19	34	15	36	58	44
21	38	1	3	11	30	6	16	22	31	46	5	0	10	9	23	52	60	43	8	2	14	13	33	7	17	24	56	4	12	51	57	26	55	63	62	47	39	32	25	41	54	28	61	27	48	49	18	35	59	50	29	20	37	42	45	40	53	19	34	15	36	58	44
21	38	1	3	11	30	6	16	22	31	46	5	0	10	9	23	52	60	43	8	2	14	13	33	7	17	24	56	4	12	51	57	26	55	63	62	47	39	32	25	41	54	28	61	27	48	49	18	35	59	50	29	20	37	42	45	40	53	19	34	15	36	58	44
21	38	1	3	11	30	6	16	22	31	46	5	0	10	9	23	52	60	43	8	2	14	13	33	7	17	24	56	4	12	51	57	26	55	63	62	47	39	32	25	41	54	28	61	27	48	49	18	35	59	50	29	20	37	42	45	40	53	19	34	15	36	58	44
21	38	1	3	11	30	6	16	22	31	46	5	0	10	9	23	52	60	43	8	2	14	13	33	7	17	24	56	4	12	51	57	26	55	63	62	47	39	32	25	41	54	28	61	27	48	49	18	35	59	50	29	20	37	42	45	40	53	19	34	15	36	58	44
21	38	1	3	11	30	6	16	22	31	46	5	0	10	9	23	52	60	43	8	2	14	13	33	7	17	24	56	4	12	51	57	26	55	63	62	47	39	32	25	41	54	28	61	27	48	49	18	35	59	50	29	20	37	42	45	40	53	19	34	15	36	58	44
21	38	1	3	11	30	6	16	22	31	46	5	0	10	9	23	52	60	43	8	2	14	13	33	7	17	24	56	4	12	51	57	26	55	63	62	47	39	32	25	41	54	28	61	27	48	49	18	35	59	50	29	20	37	42	45	40	53	19	34	15	36	58	44
21	38	1	3	11	30	6	16	22	31	46	5	0	10	9	23	52	60	43	8	2	14	13	33	7	17	24	56	4	12	51	57	26	55	63	62	47	39	32	25	41	54	28	61	27	48	49	18	35	59	50	29	20	37	42	45	40	53	19	34	15	36	58	44
21	38	1	3	11	30	6	16	22	31	46	5	0	10	9	23	52	60	43	8	2	14	13	33	7	17	24	56	4	12	51	57	26	55	63	62	47	39	32	25	41	54	28	61	27	48	49	18	35	59	50	29	20	37	42	45	40	53	19	34	15	36	58	44
21	38	1	3	11	30	6	16	22	31	46	5	0	10	9	23	52	60	43	8	2	14	13	33	7	17	24	56	4	12	51	57	26	55	63	62	47	39	32	25	41	54	28	61	27	48	49	18	35	59	50	29	20	37	42	45	40	53	19	34	15	36	58	44
21	38	1	3	11	30	6	16	22	31	46	5	0	10	9	23	52	60	43	8	2	14	13	33	7	17	24	56	4	12	51	57	26	55	63	62	47	39	32	25	41	54	28	61	27	48	49	18	35	59	50	29	20	37	42	45	40	53	19	34	15	36	58	44
21	38	1	3	11	30	6	16	22	31	46	5	0	10	9	23	52	60	43	8	2	14	13	33	7	17	24	56	4	12	51	57	26	55	63	62	47	39	32	25	41	54	28	61	27	48	49	18	35	59	50	29	20	37	42	45	40	53	19	34	15	36	58	44
21	38	1	3	11	30	6	16	22	31	46	5	0	10	9	23	52	60	43	8	2	14	13	33	7	17	24	56	4	12	51	57	26	55	63	62	47	39	32	25	41	54	28	61	27	48	49	18	35	59	50	29	20	37	42	45	40	53	19	34	15	36	58	44
21	38	1	3	11	30	6	16	22	31	46	5	0	10	9	23	52	60	43	8	2	14	13	33	7	17	24	56	4	12	51	57	26	55	63	62	47	39	32	25	41	54	28	61	27	48	49	18	35	59	50	29	20	37	42	45	40	53	19	34	15	36	58	44
21	38	1	3	11	30	6	16	22	31	46	5	0	10	9	23	52	60	43	8	2	14	13	33	7	17	24	56	4	12	51	57	26	55	63	62	47	39	32	25	41	54	28	61	27	48	49	18	35	59	50	29	20	37	42	45	40	53	19	34	15	36	58	44
21	38	1	3	11	30	6	16	22	31	46	5	0	10	9	23	52	60	43	8	2	14	13	33	7	17	24	56	4	12	51	57	26	55	63	62	47	39	32	25	41	54	28	61	27	48	49	18	35	59	50	29	20	37	42	45	40	53	19	34	15	36	58	44
21	38	1	3	11	30	6	16	22	31	46	5	0	10	9	23	52	60	43	8	2	14	13	33	7	17	24	56	4	12	51	57	26	55	63	62	47	39	32	25	41	54	28	61	27	48	49	18	35	59	50	29	20	37	42	45	40	53	19	34	15	36	58	44
21	38	1	3	11	30	6	16	22	31	46	5	0	10	9	23	52	60	43	8	2	14	13	33	7	17	24	56	4	12	51	57	26	55	63	62	47	39	32	25	41	54	28	61	27	48	49	18	35	59	50	29	20	37	42	45	40	53	19	34	15	36	58	44
21	38	1	3	11	30	6	16	22	31	46	5	0	10	9	23	52	60	43	8	2	14	13	33	7	17	24	56	4	12	51	57	26	55	63	62	47	39	32	25	41	54	28	61	27	48	49	18	35	59	50	29	20	37	42	45	40	53	19	34	15	36	58	44
21	38	1	3	11	30	6	16	22	31	46	5	0	10	9	23	52	60	43	8	2	14	13	33	7	17	24	56	4	12	51	57	26	55	63	62	47	39	32	25	41	54	28	61	27	48	49	18	35	59	50	29	20	37	42	45	40	53	19	34	15	36	58	44
21	38	1	3	11	30	6	16	22	31	46	5	0	10	9	23	52	60	43	8	2	14	13	33	7	17	24	56	4	12	51	57	26	55	63	62	47	39	32	25	41	54	28	61	27	48	49	18	35	59	50	29	20	37	42	45	40	53	19	34	15	36	58	44
21	38	1	3	11	30	6	16	22	31	46	5	0	10	9	23	52	60	43	8	2	14	13	33	7	17	24	56	4	12	51	57	26	55	63	62	47	39	32	25	41	54	28	61	27	48	49	18	35	59	50	29	20	37	42	45	40	53	19	34	15	36	58	44
21	38	1	3	11	30	6	16	22	31	46	5	0	10	9	23	52	60	43	8	2	14	13	33	7	17	24	56	4	12	51	57	26	55	63	62	47	39	32	25	41	54	28	61	27	48	49	18	35	59	50	29	20	37	42	45	40	53	19	34	15	36	58	44
21	38	1	3	11	30	6	16	22	31	46	5	0	10	9	23	52	60	43	8	2	14	13	33	7	17	24	56	4	12	51	57	26	55	63	62	47	39	32	25	41	54	28	61	27	48	49	18	35	59	50	29	20	37	42	45	40	53	19	34	15	36	58	44
21	38	1	3	11	30	6	16	22	31	46	5	0	10	9	23	52	60	43	8	2	14	13	33	7	17	24	56	4	12	51	57	26	55	63	62	47	39	32	25	41	54	28	61	27	48	49	18	35	59	50	29	20	37	42	45	40	53	19	34	15	36	58	44
21	38	1	3	11	30	6	16	22	31	46	5	0	10	9	23	52	60	43	8	2	14	13	33	7	17	24	56	4	12	51	57	26	55	63	62	47	39	32	25	41	54	28	61	27	48	49	18	35	59	50	29	20	37	42	45	40	53	19	34	15	36	58	44
21	38	1	3	11	30	6	16	22	31	46	5	0	10	9	23	52	60	43	8	2	14	13	33	7	17	24	56	4	12	51	57	26	55	63	62	47	39	32	25	41	54	28	61	27	48	49	18	35	59	50	29	20	37	42	45	40	53	19	34	15	36	58	44
21	38	1	3	11	30	6	16	22	31	46	5	0	10	9	23	52	60	43	8	2	14	13	33	7	17	24	56	4	12	51	57	26	55	63	62	47	39	32	25	41	54	28	61	27	48	49	18	35	59	50	29	20	37	42	45	40	53	19	34	15	36	58	44
21	38	1	3	11	30	6	16	22	31	46	5	0	10	9	23	52	60	43	8	2	14	13	33	7	17	24	56	4	12	51	57	26	55	63	62	47	39	32	25	41	54	28	61	27	48	49	18	35	59	50	29	20	37	42	45	40	53	19	34	15	36	58	44
21	38	1	3	11	30	6	16	22	31	46	5	0	10	9	23	52	60	43	8	2	14	13	33	7	17	24	56	4	12	51	57	26	55	62	63	47	39	32	25	41	54	28	61	27	48	49	18	35	59	50	29	20	37	42	45	40	53	19	34	15	36	58	44
21	38	1	3	11	30	6	16	22	31	46	5	0	10	9	23	52	60	43	8	2	14	13	33	7	17	24	56	4	12	51	57	26	55	62	63	47	39	32	25	41	54	28	61	27	48	49	18	35	59	50	29	20	37	42	45	40	53	19	34	15	36	58	44
21	38	1	3	11	30	6	16	22	31	46	5	0	10	9	23	52	60	43	8	2	14	13	33	7	17	24	56	4	12	51	57	26	55	62	63	47	39	32	25	41	54	28	61	27	48	49	18	35	59	50	29	20	37	42	45	40	53	19	34	15	36	58	44
21	38	1	3	11	30	6	16	22	31	46	5	0	10	9	23	52	60	43	8	2	14	13	33	7	17	24	56	4	12	51	57	26	55	62	63	47	39	32	25	41	54	28	61	27	48	49	18	35	59	50	29	20	37	42	45	40	53	19	34	15	36	58	44
21	38	1	3	11	30	6	16	22	31	46	5	0	10	9	23	52	60	43	8	2	14	13	33	7	17	24	56	4	12	51	57	26	55	62	63	47	39	32	25	41	54	28	61	27	48	49	18	35	59	50	29	20	37	42	45	40	53	19	34	15	36	58	44
21	38	1	3	11	30	6	16	22	31	46	5	0	10	9	23	52	60	43	8	2	14	13	33	7	17	24	56	4	12	51	57	26	55	62	63	47	39	32	25	41	54	28	61	27	48	49	18	35	59	50	29	20	37	42	45	40	53	19	34	15	36	58	44
21	38	1	3	11	30	6	16	22	31	46	5	0	10	9	23	52	60	43	8	2	14	13	33	7	17	24	56	4	12	51	57	26	55	62	63	47	39	32	25	41	54	28	61	27	48	49	18	35	59	50	29	20	37	42	45	40	53	19	34	15	36	58	44
21	38	1	3	11	30	6	16	22	31	46	5	0	10	9	23	52	60	43	8	2	14	13	33	7	17	24	56	4	12	51	57	26	55	62	63	47	39	32	25	41	54	28	61	27	48	49	18	35	59	50	29	20	37	42	45	40	53	19	34	15	36	58	44
21	38	1	3	11	30	6	16	22	31	46	5	0	10	9	23	52	60	43	8	2	14	13	33	7	17	24	56	4	12	51	57	26	55	61	63	47	39	32	25	41	54	28	62	27	48	49	18	35	59	50	29	20	37	42	45	40	53	19	34	15	36	58	44
21	38	1	3	11	30	6	16	22	31	46	5	0	10	9	23	52	60	43	8	2	14	13	33	7	17	24	56	4	12	51	57	26	55	61	63	47	39	32	25	41	54	28	62	27	48	49	18	35	59	50	29	20	37	42	45	40	53	19	34	15	36	58	44
21	38	1	3	11	30	6	16	22	31	46	5	0	10	9	23	52	60	43	8	2	14	13	33	7	17	24	56	4	12	51	57	26	55	61	63	47	39	32	25	41	54	28	62	27	48	49	18	35	59	50	29	20	37	42	45	40	53	19	34	15	36	58	44
21	38	1	3	11	30	6	16	22	31	46	5	0	10	9	23	52	60	43	8	2	14	13	33	7	17	24	56	4	12	51	57	26	55	61	63	47	39	32	25	41	54	28	62	27	48	49	18	35	59	50	29	20	37	42	45	40	53	19	34	15	36	58	44
21	38	1	3	11	30	6	16	22	31	46	5	0	10	9	23	52	60	43	8	2	14	13	33	7	17	24	56	4	12	51	57	26	55	61	63	47	39	32	25	41	54	28	62	27	48	49	18	35	59	50	29	20	37	42	45	40	53	19	34	15	36	58	44
21	38	1	3	11	30	6	16	22	31	46	5	0	10	9	23	52	60	43	8	2	14	13	33	7	17	24	56	4	12	51	57	26	55	61	63	47	39	32	25	41	54	28	62	27	48	49	18	35	59	50	29	20	37	42	45	40	53	19	34	15	36	58	44
21	38	1	3	11	30	6	16	22	31	46	5	0	10	9	23	52	60	43	8	2	14	13	33	7	17	24	56	4	12	51	57	26	55	61	63	47	39	32	25	41	54	28	62	27	48	49	18	35	59	50	29	20	37	42	45	40	53	19	34	15	36	58	44
21	38	1	3	11	30	6	16	22	31	46	5	0	10	9	23	52	60	43	8	2	14	13	33	7	17	24	56	4	12	51	57	26	55	61	63	47	39	32	25	41	54	28	62	27	48	49	18	35	59	50	29	20	37	42	45	40	53	19	34	15	36	58	44
21	38	1	3	11	30	6	16	22	31	46	5	0	10	9	23	52	60	43	8	2	14	13	33	7	17	24	56	4	12	51	57	26	55	61	63	47	39	32	25	41	54	28	62	27	48	49	18	35	59	50	29	20	37	42	45	40	53	19	34	15	36	58	44
21	38	1	3	11	30	6	16	22	31	46	5	0	10	9	23	52	60	43	8	2	14	13	33	7	17	24	56	4	12	51	57	26	55	61	63	47	39	32	25	41	54	28	62	27	48	49	18	35	59	50	29	20	37	42	45	40	53	19	34	15	36	58	44
21	38	1	3	11	30	6	16	22	31	46	5	0	10	9	23	52	60	43	8	2	14	13	33	7	17	24	56	4	12	51	57	26	55	61	63	47	39	32	25	41	54	28	62	27	48	49	18	35	59	50	29	20	37	42	45	40	53	19	34	15	36	58	44
21	38	1	3	11	30	6	16	22	31	46	5	0	10	9	23	52	60	43	8	2	14	13	33	7	17	24	56	4	12	51	57	26	55	61	63	47	39	32	25	41	54	28	62	27	48	49	18	35	59	50	29	20	37	42	45	40	53	19	34	15	36	58	44
21	38	1	3	11	30	6	16	22	31	46	5	0	10	9	23	52	60	43	8	2	14	13	33	7	17	24	56	4	12	51	57	26	55	61	63	47	39	32	25	41	54	28	62	27	48	49	18	35	59	50	29	20	37	42	45	40	53	19	34	15	36	58	44
21	38	1	3	11	30	6	16	22	31	46	5	0	10	9	23	52	60	43	8	2	14	13	33	7	17	24	56	4	12	51	57	26	55	61	63	47	39	32	25	41	54	28	62	27	48	49	18	35	59	50	29	20	37	42	45	40	53	19	34	15	36	58	44
21	38	1	3	11	30	6	16	22	31	46	5	0	10	9	23	52	60	43	8	2	14	13	33	7	17	24	56	4	12	51	57	26	55	61	63	47	39	32	25	41	54	28	62	27	48	49	18	35	59	50	29	20	37	42	45	40	53	19	34	15	36	58	44
21	38	1	3	11	30	6	16	22	31	46	5	0	10	9	23	52	60	43	8	2	14	13	33	7	17	24	56	4	12	51	57	26	55	61	63	47	39	32	25	41	54	28	62	27	48	49	18	35	59	50	29	20	37	42	45	40	53	19	34	15	36	58	44
21	38	1	3	11	30	6	16	22	31	46	5	0	10	9	23	52	60	43	8	2	14	13	33	7	17	24	56	4	12	51	57	26	55	61	63	47	39	32	25	41	54	28	62	27	48	49	18	35	59	50	29	20	37	42	45	40	53	19	34	15	36	58	44
21	38	1	3	11	30	6	16	22	31	46	5	0	10	9	23	52	60	43	8	2	14	13	33	7	17	24	56	4	12	51	57	26	55	61	63	47	39	32	25	41	54	28	62	27	48	49	18	35	59	50	29	20	37	42	45	40	53	19	34	15	36	58	44
21	38	1	3	11	30	6	16	22	31	46	5	0	10	9	23	52	60	43	8	2	14	13	33	7	17	24	56	4	12	51	57	26	55	61	63	47	39	32	25	41	54	28	62	27	48	49	18	35	59	50	29	20	37	42	45	40	53	19	34	15	36	58	44
21	38	1	3	11	30	6	16	22	31	46	5	0	10	9	23	52	60	43	8	2	14	13	33	7	17	24	56	4	12	51	57	26	55	61	63	47	39	32	25	41	54	28	62	27	48	49	18	35	59	50	29	20	37	42	45	40	53	19	34	15	36	58	44
21	38	1	3	11	30	6	16	22	31	46	5	0	10	9	23	52	60	43	8	2	14	13	33	7	17	24	56	4	12	51	57	26	55	61	63	47	39	32	25	41	54	28	62	27	48	49	18	35	59	50	29	20	37	42	45	40	53	19	34	15	36	58	44
21	38	1	3	11	30	6	16	22	31	46	5	0	10	9	23	52	60	43	8	2	14	13	33	7	17	24	56	4	12	51	57	26	55	61	63	47	39	32	25	41	54	28	62	27	48	49	18	35	59	50	29	20	37	42	45	40	53	19	34	15	36	58	44
21	38	1	3	11	30	6	16	22	31	46	5	0	10	9	23	52	60	43	8	2	14	13	33	7	17	24	56	4	12	51	57	26	55	61	63	47	39	32	25	41	54	28	62	27	48	49	18	35	59	50	29	20	37	42	45	40	53	19	34	15	36	58	44
21	38	1	3	11	30	6	16	22	31	46	5	0	10	9	23	52	60	43	8	2	14	13	33	7	17	24	56	4	12	51	57	26	55	61	63	47	39	32	25	41	54	28	62	27	48	49	18	35	59	50	29	20	37	42	45	40	53	19	34	15	36	58	44
21	38	1	3	11	30	6	16	22	31	46	5	0	10	9	23	52	60	43	8	2	14	13	33	7	17	24	56	4	12	51	57	26	55	61	63	47	39	32	25	41	54	28	62	27	48	49	18	35	59	50	29	20	37	42	45	40	53	19	34	15	36	58	44
21	38	1	3	11	30	6	16	22	31	46	5	0	10	9	23	52	60	43	8	2	14	13	33	7	17	24	56	4	12	51	57	26	55	61	63	47	39	32	25	41	54	28	62	27	48	49	18	35	59	50	29	20	37	42	45	40	53	19	34	15	36	58	44
21	38	1	3	11	30	6	16	22	31	46	5	0	10	9	23	52	60	43	8	2	14	13	33	7	17	24	56	4	12	51	57	26	55	61	63	47	39	32	25	41	54	28	62	27	48	49	18	35	59	50	29	20	37	42	45	40	53	19	34	15	36	58	44
21	38	1	3	11	30	6	16	22	31	46	5	0	10	9	23	52	60	43	8	2	14	13	33	7	17	24	56	4	12	51	57	26	55	61	63	47	39	32	25	41	54	28	62	27	48	49	18	35	59	50	29	20	37	42	45	40	53	19	34	15	36	58	44
21	38	1	3	11	30	6	16	22	31	46	5	0	10	9	23	52	60	43	8	2	14	13	33	7	17	24	56	4	12	51	57	26	55	61	63	47	39	32	25	41	54	28	62	27	48	49	18	35	59	50	29	20	37	42	45	40	53	19	34	15	36	58	44
21	38	1	3	11	30	6	16	22	31	46	5	0	10	9	23	52	60	43	8	2	14	13	33	7	17	24	56	4	12	51	57	26	55	61	63	47	39	32	25	41	54	28	62	27	48	49	18	35	59	50	29	20	37	42	45	40	53	19	34	15	36	58	44
21	38	1	3	11	30	6	16	22	31	46	5	0	10	9	23	52	60	43	8	2	14	13	33	7	17	24	56	4	12	51	57	26	55	61	63	47	39	32	25	41	54	28	62	27	48	49	18	35	59	50	29	20	37	42	45	40	53	19	34	15	36	58	44
21	38	1	3	11	30	6	16	22	31	46	5	0	10	9	23	52	60	43	8	2	14	13	33	7	17	24	56	4	12	51	57	26	55	61	63	47	39	32	25	41	54	28	62	27	48	49	18	35	59	50	29	20	37	42	45	40	53	19	34	15	36	58	44
21	38	1	3	11	30	6	16	22	31	46	5	0	10	9	23	52	60	43	8	2	14	13	33	7	17	24	56	4	12	51	57	26	55	61	63	47	39	32	25	41	54	28	62	27	48	49	18	35	59	50	29	20	37	42	45	40	53	19	34	15	36	58	44
21	38	1	3	11	30	6	16	22	31	46	5	0	10	9	23	52	60	43	8	2	14	13	33	7	17	24	56	4	12	51	57	26	55	61	63	47	39	32	25	41	54	28	62	27	48	49	18	35	59	50	29	20	37	42	45	40	53	19	34	15	36	58	44
21	38	1	3	11	30	6	16	22	31	46	5	0	10	9	23	52	60	43	8	2	14	13	33	7	17	24	56	4	12	51	57	26	55	61	63	47	39	32	25	41	54	28	62	27	48	49	18	35	59	50	29	20	37	42	45	40	53	19	34	15	36	58	44
21	38	1	3	11	30	6	16	22	31	46	5	0	10	9	23	52	60	43	8	2	14	13	33	7	17	24	56	4	12	51	57	26	55	61	63	47	39	32	25	41	54	28	62	27	48	49	18	35	59	50	29	20	37	42	45	40	53	19	34	15	36	58	44
21	38	1	3	11	30	6	16	22	31	46	5	0	10	9	23	52	60	43	8	2	14	13	33	7	17	24	56	4	12	51	57	26	55	61	63	47	39	32	25	41	54	28	62	27	48	49	18	35	59	50	29	20	37	42	45	40	53	19	34	15	36	58	44
21	38	1	3	11	30	6	16	22	31	46	5	0	10	9	23	52	60	43	8	2	14	13	33	7	17	24	56	4	12	51	57	26	55	61	63	47	39	32	25	41	54	28	62	27	48	49	18	35	59	50	29	20	37	42	45	40	53	19	34	15	36	58	44
21	38	1	3	11	30	6	16	22	31	46	5	0	10	9	23	52	60	43	8	2	14	13	33	7	17	24	56	4	12	51	57	26	55	61	63	47	39	32	25	41	54	28	62	27	48	49	18	35	59	50	29	20	37	42	45	40	53	19	34	15	36	58	44
21	38	1	3	11	30	6	16	22	31	46	5	0	10	9	23	52	60	43	8	2	14	13	33	7	17	24	56	4	12	51	57	26	55	61	63	47	39	32	25	41	54	28	62	27	48	49	18	35	59	50	29	20	37	42	45	40	53	19	34	15	36	58	44
21	38	1	3	11	30	6	16	22	31	46	5	0	10	9	23	52	60	43	8	2	14	13	33	7	17	24	56	4	12	51	57	26	55	61	63	47	39	32	25	41	54	28	62	27	48	49	18	35	59	50	29	20	37	42	45	40	53	19	34	15	36	58	44
21	38	1	3	11	30	6	16	22	31	46	5	0	10	9	23	52	60	43	8	2	14	13	33	7	17	24	56	4	12	51	57	26	55	61	63	47	39	32	25	41	54	28	62	27	48	49	18	35	59	50	29	20	37	42	45	40	53	19	34	15	36	58	44
21	38	1	3	11	30	6	16	22	31	46	5	0	10	9	23	52	60	43	8	2	14	13	33	7	17	24	56	4	12	51	57	26	55	61	63	47	39	32	25	41	54	28	62	27	48	49	18	35	59	50	29	20	37	42	45	40	53	19	34	15	36	58	44
21	38	1	3	11	30	6	16	22	31	46	5	0	10	9	23	52	60	43	8	2	14	13	33	7	17	24	56	4	12	51	57	26	55	61	63	47	39	32	25	41	54	28	62	27	48	49	18	35	59	50	29	20	37	42	45	40	53	19	34	15	36	58	44
21	38	1	3	11	30	6	16	22	31	46	5	0	10	9	23	52	60	43	8	2	14	13	33	7	17	24	56	4	12	51	57	26	55	61	63	47	39	32	25	41	54	28	62	27	48	49	18	35	59	50	29	20	37	42	45	40	53	19	34	15	36	58	44
21	38	1	3	11	30	6	16	22	31	46	5	0	10	9	23	52	60	43	8	2	14	13	33	7	17	24	56	4	12	51	57	26	55	61	63	47	39	32	25	41	54	28	62	27	48	49	18	35	59	50	29	20	37	42	45	40	53	19	34	15	36	58	44
21	38	1	3	11	30	6	16	22	31	46	5	0	10	9	23	52	60	43	8	2	14	13	33	7	17	24	56	4	12	51	57	26	55	61	63	47	39	32	25	41	54	28	62	27	48	49	18	35	59	50	29	20	37	42	45	40	53	19	34	15	36	58	44
21	38	1	3	11	30	6	16	22	31	46	5	0	10	9	23	52	60	43	8	2	14	13	33	7	17	24	56	4	12	51	57	26	55	61	63	47	39	32	25	41	54	28	62	27	48	49	18	35	59	50	29	20	37	42	45	40	53	19	34	15	36	58	44
21	38	1	3	11	30	6	16	22	31	46	5	0	10	9	23	52	60	43	8	2	14	13	33	7	17	24	56	4	12	51	57	26	55	61	63	47	39	32	25	41	54	28	62	27	48	49	18	35	59	50	29	20	37	42	45	40	53	19	34	15	36	58	44
21	38	1	3	11	30	6	16	22	31	46	5	0	10	9	23	52	60	43	8	2	14	13	33	7	17	24	56	4	12	51	57	26	55	61	63	47	39	32	25	41	54	28	62	27	48	49	18	35	59	50	29	20	37	42	45	40	53	19	34	15	36	58	44
21	38	1	3	11	30	6	16	22	31	46	5	0	10	9	23	52	60	43	8	2	14	13	33	7	17	24	56	4	12	51	57	26	55	61	63	47	39	32	25	41	54	28	62	27	48	49	18	35	59	50	29	20	37	42	45	40	53	19	34	15	36	58	44
21	38	1	3	11	30	6	16	22	31	46	5	0	10	9	23	52	60	43	8	2	14	13	33	7	17	24	56	4	12	51	57	26	55	61	63	47	39	32	25	41	54	28	62	27	48	49	18	35	59	50	29	20	37	42	45	40	53	19	34	15	36	58	44
21	38	1	3	11	30	6	16	22	31	46	5	0	10	9	23	52	60	43	8	2	14	13	33	7	17	24	56	4	12	51	57	26	55	61	63	47	39	32	25	41	54	28	62	27	48	49	18	35	59	50	29	20	37	42	45	40	53	19	34	15	36	58	44
21	38	1	3	11	30	6	16	22	31	46	5	0	10	9	23	52	60	43	8	2	14	13	33	7	17	24	56	4	12	51	57	26	55	61	63	47	39	32	25	41	54	28	62	27	48	49	18	35	59	50	29	20	37	42	45	40	53	19	34	15	36	58	44
21	38	1	3	11	30	6	16	22	31	46	5	0	10	9	23	52	60	43	8	2	14	13	33	7	17	24	56	4	12	51	57	26	55	61	63	47	39	32	25	41	54	28	62	27	48	49	18	35	59	50	29	20	37	42	45	40	53	19	34	15	36	58	44
21	38	1	3	11	30	6	16	22	31	46	5	0	10	9	23	52	60	43	8	2	14	13	33	7	17	24	56	4	12	51	57	26	55	63	61	47	39	32	25	41	54	28	62	27	48	49	18	35	59	50	29	20	37	42	45	40	53	19	34	15	36	58	44
